53 41 61 
79 
18 102 103 2 18 104 105 18 106 108 110 108 111 115 18 

138 139 137 137 18 
182 153 153 
186 188 
208 
230 232 42 235 
237 56 
239 241 242 190 
93 244 245 246 247 248 
252 253 254 
258 
190 260 
164 165 266 117 267 
272 271 190 260 
241 276 
278 132 238 
282 257 
129 
297 
85 
703 829 520 
85 299 85 188 
906 
301 302 
305 
309 310 311 309 311 313 314 315 316 
238 319 321 322 
260 308 254 327 328 
550 4669 495 319 547 547 550 557 341 
337 35 178 338 297 339 297 241 341 
343 344 277 277 345 346 347 342 93 348 297 352 
353 355 19 359 360 361 362 182 313 
365 311 367 311 

297 
137 117 110 117 117 389 388 471 

219 512 495 512 512 512 512 383 520 345 65 324 521 254 



383 590 
594 593 
557 557 520 345 65 324 521 254 

345 65 324 521 254 
208 
42 603 64 604 605 606 607 126 608 42 609 80 
610 93 93 42 619 391 
201 620 56 622 420 412 623 

626 627 290 628 629 117 367 117 625 117 633 634 
117 367 117 625 117 633 634 
626 627 290 628 629 117 367 117 625 117 633 634 
474 635 15 639 640 56 
646 646 646 299 646 
646 646 646 299 646 
300 646 646 646 299 646 
646 646 299 646 
646 646 646 299 646 
646 646 299 646 
659 659 659 659 659 659 667 668 659 669 268 
6 712 712 713 6 715 
716 85 196 717 710 230 

719 720 721 722 93 724 
727 728 729 345 731 178 732 734 
188 188 713 737 738 739 739 
713 737 738 739 739 
399 740 741 742 341 744 749 752 558 753 
413 196 73 755 720 721 722 93 724 
236 757 759 28 383 


244 190 391 768 51 16 178 
260 777 
780 389 
412 784 169 261 785 258 786 787 117 412 784 169 261 785 258 786 787 
557 789 196 792 0 793 795 
412 784 169 261 785 258 786 787 
814 85 816 817 546 547 547 547 547 547 547 342 547 
546 547 822 546 445 823 546 824 825 546 546 547 547 547 547 547 547 342 547 
854 853 854 849 471 853 854 855 230 544 238 856 857 116 
864 865 190 864 864 864 866 851 
389 129 308 842 
879 182 184 880 881 389 449 367 881 883 884 
888 772 313 892 893 892 894 892 
893 892 893 892 894 892 
893 892 893 892 894 892 
772 557 901 217 902 901 901 297 
1817 901 217 902 901 901 297 
903 901 217 902 901 901 297 
893 892 893 892 894 892 
727 1790 892 893 892 894 892 
619 52 904 905 901 217 902 901 901 297 
906 907 908 300 324 282 297 
912 913 914 901 217 902 901 901 297 
892 893 892 894 892 
275 916 892 893 892 894 892 
918 919 829 898 899 900 313 217 
217 902 901 901 297 
521 
920 
445 822 921 922 345 923 391 445 822 184 924 

260 929 474 784 864 931 
521 521 935 

937 
919 940 941 917 942 943 311 
945 297 947 
391 445 822 921 922 345 923 391 445 822 184 924 
922 345 923 391 445 822 184 924 

276 
922 345 923 391 445 822 184 924 
949 919 221 950 316 919 951 919 311 311 
952 297 759 919 221 950 316 919 951 919 311 311 
297 955 912 956 324 
952 297 759 958 960 
297 955 912 956 324 
952 297 759 919 221 950 316 919 951 919 311 311 
949 962 963 812 964 829 
952 297 759 822 881 
966 967 196 
238 968 315 383 969 968 
238 311 970 924 
521 728 795 
719 972 972 521 728 795 
413 345 521 728 795 

254 521 1545 521 3527 313 
238 311 970 397 
32 977 236 388 6 265 6 703 703 
981 981 254 
982 982 982 982 
787 
990 208 992 
324 923 324 
324 923 324 
324 923 324 
1001 731 731 590 430 923 
866 772 1011 703 1014 389 102 
1001 731 731 590 186 

1049 196 85 1052 85 413 430 923 
542 1056 
1613 1613 

874 65 

102 749 137 42 1197 857 41 1200 159 
1202 857 293 

809 1239 254 186 596 

681 123 1256 1256 1221 1221 1221 1259 1221 822 
1261 1262 1263 1264 





248 
299 

495 
80 31 1021 117 429 842 1288 1253 


383 397 383 1371 1218 383 1369 383 1218 
1399 555 1153 
309 401 
65 201 293 1426 

1164 1165 1166 


1487 593 1167 1487 593 
749 874 445 239 313 
710 1504 
282 1067 749 703 42 1391 
1509 137 137 290 1391 
232 1391 
1156 217 217 
923 243 

1156 217 217 



102 749 137 42 1197 857 41 1200 159 
1100 1099 1100 248 1102 239 239 681 
42 42 
261 239 1509 1021 31 1110 367 1572 713 309 

842 1059 1600 1218 
1506 42 1664 178 1668 374 318 159 31 1669 1391 



1750 1751 954 1752 1753 35 1756 1757 
924 4352 
324 324 

85 808 




2039 
2039 
0 793 117 117 1978 461 261 2108 1948 
117 117 1978 461 261 2108 1948 
159 1940 2122 290 2124 265 64 117 159 
221 1703 267 1749 117 701 51 2072 1762 
121 35 36 
945 
2098 2453 1256 2455 1021 99 2455 
2860 56 391 2861 2860 2862 2860 2860 2862 
188 2783 547 557 2691 420 258 254 547 904 324 258 324 
420 258 2783 681 254 857 2990 121 520 920 
680 607 42 2989 42 2857 327 328 42 1857 1673 116 328 327 
420 258 2783 681 254 857 2990 121 520 920 
420 258 2783 681 254 1506 1914 458 2995 972 
420 258 2783 681 254 297 520 2297 
420 258 2783 681 254 
420 258 2783 681 254 319 3090 950 458 950 319 
313 720 471 716 
3237 324 355 217 3237 3237 3237 
217 217 952 129 260 

2728 806 3335 952 
2819 
85 

1474 547 547 547 547 547 547 547 3558 3559 3335 547 547 3335 557 
547 547 547 547 547 547 547 3558 3559 3335 547 547 3335 557 


3577 
968 401 3610 244 1946 968 
3612 3613 3613 1067 
430 728 85 1067 313 3627 
728 313 3627 
2794 
278 236 2543 467 278 3757 389 3758 919 


297 2183 297 3245 297 3847 
829 970 763 466 
324 297 2016 2016 
85 547 557 297 
2456 116 316 2168 
399 759 3450 

1256 828 828 
828 828 
64 19 4123 873 
4143 816 816 
217 217 85 
3450 822 85 85 
313 
2333 
391 529 529 
529 
4272 4272 1420 
864 784 529 2323 360 389 

345 4381 391 1109 822 
2276 3480 2949 3078 2276 

188 52 999 
646 646 646 299 646 
646 646 299 646 
646 646 646 299 646 
646 646 646 299 646 

832 1790 3487 3993 3954 1292 
313 4301 3431 313 
918 919 829 898 899 900 313 217 
52 196 52 196 52 52 52 3192 3496 3804 954 
238 950 5046 1447 950 236 5046 238 
430 313 
430 313 
710 1504 3214 4381 2898 4176 
4016 389 2783 2988 
1940 4776 1068 627 627 1110 35 117 713 367 1940 4776 1068 627 627 1110 35 117 713 117 554 5322 2083 
217 85 5321 
217 85 5321 
190 217 85 5321 
190 217 85 5321 
420 258 2783 681 254 970 977 319 
420 258 2783 681 254 458 383 319 


2398 5537 85 1703 169 169 5554 905 169 2460 1877 1999 


85 85 458 327 703 3078 



19 
521 51 
684 261 201 254 2038 73 607 893 1626 684 261 201 254 
248 
2691 420 258 254 786 1245 1238 217 786 719 1245 
420 258 2783 681 254 920 
420 258 2783 681 254 324 458 
341 
3865 341 341 341 3865 341 341 341 3865 341 
3908 1200 311 520 297 
6102 529 3230 3747 
529 


104 505 969 397 529 
5178 
299 1304 93 

430 313 
217 3061 

544 1232 
383 248 
3841 64 1950 6552 608 923 290 126 1877 680 680 527 966 308 
1950 5599 1604 680 680 527 966 308 
430 420 258 2783 681 254 
2691 420 258 254 324 297 912 297 
391 188 2297 341 35 
217 
1067 498 1001 343 547 1312 557 
1067 498 1001 343 547 1312 557 
5892 188 188 3677 816 1922 
1922 3677 816 1922 

474 1922 5043 726 345 1661 1014 
65 3171 

178 2311 
950 923 
822 3804 
669 297 960 1790 
324 822 970 3051 
159 236 492 945 590 829 236 722 6620 6978 
324 822 970 3051 
842 56 201 42 945 703 763 248 842 241 
458 
188 391 5663 85 
4274 5052 547 355 
7120 829 217 6970 217 7121 4654 548 

7216 2528 189 
1547 467 786 254 389 110 979 

445 3229 
1386 172 950 2029 772 236 3579 188 557 85 85 
315 547 5488 345 557 1882 1882 315 
196 3235 927 
35 1613 1946 85 291 85 6970 19 1602 137 311 35 1613 159 80 1946 1271 
772 

947 1153 
947 1153 2837 2512 4502 311 
788 947 1153 
7490 7491 929 
7491 1753 4483 1753 
389 
28 28 
3465 341 182 1780 1143 
1506 
85 853 1753 241 2999 242 188 2157 19 7522 495 3239 947 2922 2764 

2762 3697 808 
341 3028 5489 3266 2297 28 324 297 


4065 544 341 7543 727 

324 3674 299 1001 1001 
917 278 257 271 1052 720 981 4383 
917 278 257 271 1052 720 981 4383 
557 728 1447 1447 1812 911 
5591 3442 299 2276 299 726 299 3755 2276 184 1790 271 2276 
3707 1613 828 923 634 
1551 217 2875 186 341 238 3229 6896 238 3229 6896 299 3279 3871 
7581 

1339 5919 134 2028 3713 6514 424 2460 741 424 272 

413 923 196 
1339 795 139 2448 272 19 290 31 1339 1143 3380 1877 

123 
828 2728 828 3705 2196 4179 

710 710 1845 494 710 3760 4438 209 2016 
710 1845 710 3760 4438 209 2016 
184 
529 121 703 3782 3887 877 

3788 3588 2332 2297 
3648 
2064 721 129 260 713 4077 2370 3841 172 634 28 2297 887 2499 713 4077 2370 
1332 309 1339 19 110 309 137 1845 276 3237 99 1332 243 243 
710 245 1256 1154 4852 239 1595 4734 495 3517 822 219 217 3141 182 
391 391 822 739 184 310 
299 
726 3204 4040 3521 5241 391 
568 1550 3230 

1197 634 232 258 1197 2756 35 2 
52 430 458 3819 383 458 188 952 949 1641 1949 2794 458 52 
254 
397 945 397 1369 188 945 188 
397 
397 397 397 138 1720 
397 345 355 808 397 397 397 397 
2460 1194 2460 822 
806 1067 
3853 
1768 1768 772 905 2607 905 831 
1946 968 315 548 345 1946 495 
4057 5606 401 2868 2460 7634 6603 547 557 
4959 4959 3066 7168 
793 254 
1355 293 389 
3287 254 

110 703 110 1446 786 786 
1325 104 245 824 
341 7654 7654 
341 7654 7654 
217 1753 345 110 458 1800 2508 2168 1407 
1109 4019 812 812 639 254 
822 2783 190 880 
388 
6842 786 829 430 814 1355 196 58 


7674 962 
2298 309 
2298 309 
2298 309 

138 2766 
3944 1093 2112 4314 544 2955 4650 842 1184 56 7677 544 
495 345 1547 728 1999 968 
680 221 680 3229 3229 680 2092 703 
217 85 341 35 788 
828 1753 

327 186 327 1801 214 241 
1216 31 777 1021 1613 4304 
2 977 977 977 117 4619 137 981 667 18 
391 
1250 316 253 200 1447 217 1250 
2240 467 3265 2762 1922 

85 4251 
3431 2886 355 3431 3431 1882 3230 
586 3410 
391 772 3944 3944 315 
188 2663 557 367 547 2762 327 3578 
315 3159 822 3159 196 822 315 399 315 
966 740 495 6787 244 1228 912 
495 917 397 
558 494 558 710 1712 189 7782 139 


941 319 

311 104 104 208 2983 2983 
1509 137 2032 286 
923 2183 1339 7802 85 
2230 217 950 383 
937 383 302 85 
345 3246 3246 
93 217 85 35 
430 919 
277 3237 
7825 277 3237 
458 383 458 
950 217 1946 217 1407 
975 1800 3636 1545 341 3697 
1059 777 977 

217 458 311 1379 1067 217 1604 243 
309 822 321 
429 842 461 
3165 1460 534 
1872 
117 164 164 3197 
35 1752 740 3481 788 221 919 
529 
3469 458 458 3469 458 458 
121 640 365 3460 327 


159 254 
2534 2534 
822 557 260 822 324 260 
2370 2370 726 
341 3483 1813 544 1810 
239 188 
188 
822 7981 
3198 

822 248 


5241 
315 
397 1059 1292 261 261 1059 261 261 254 713 261 
1059 1292 261 261 1059 261 261 254 713 261 
238 3287 547 3237 172 2297 
474 190 3312 85 
315 3245 8081 495 
367 367 367 309 178 391 

2276 


345 
1019 248 345 388 
4138 196 1325 
982 367 
919 85 315 947 4295 321 217 919 3229 267 5241 315 
822 352 196 383 547 
512 512 

159 786 1245 3051 276 
217 1506 
1735 241 367 367 367 309 178 391 
1551 703 85 338 
596 
367 

3527 
254 
917 85 254 
367 
2425 
2425 
757 73 4604 596 138 243 814 905 243 
5306 880 727 521 558 1566 923 811 221 2125 




324 
458 



3179 1551 4245 3245 4245 4245 
1907 1067 2112 188 541 353 547 557 
920 968 968 590 2029 8261 467 945 35 35 2053 968 

383 397 
1735 241 367 367 367 309 178 391 
397 2109 2109 
397 
397 529 
178 182 311 164 178 
196 

759 759 3811 759 3765 759 254 822 

1259 1259 397 



1023 2195 4122 924 
53 1484 3229 3229 5011 53 547 
1271 
557 64 557 557 557 2783 557 
3159 429 397 
2398 319 196 124 970 

1801 1845 684 238 111 
2129 
248 
917 2805 732 
159 184 159 
201 557 1703 201 716 5517 
3229 504 
182 182 970 

904 548 788 495 495 495 905 
85 196 2887 640 816 640 85 3471 919 970 950 970 28 950 
345 4614 2359 
300 254 
300 254 
196 2280 1483 1483 591 
85 1877 
2031 85 586 
1445 

383 
28 4462 
93 977 547 977 703 1918 1556 254 977 
710 1367 1367 
822 
2297 

286 329 966 3487 260 164 
1790 3737 
188 178 338 952 345 188 

383 

93 1256 
188 188 2333 196 188 188 2230 1218 196 188 
272 28 260 1942 313 
4434 4245 710 919 467 
1067 
8488 236 236 931 
2519 309 3427 391 
4262 3993 
299 85 1720 
1119 6768 6768 1119 467 1119 
367 1551 1 85 
309 550 550 328 
3311 945 945 73 945 1800 883 
1067 196 260 260 759 

3809 593 360 950 
2129 315 
217 945 399 121 1965 8550 2297 399 53 217 188 399 

3944 759 268 759 962 53 
2120 
805 805 941 805 8589 217 557 970 
93 2373 
3300 854 73 854 854 
297 297 

2828 8604 1232 
728 2999 297 
495 759 4967 788 
2783 297 324 297 

1791 341 
1127 640 512 920 186 5627 915 3503 2297 2297 
3229 

383 

981 981 
220 

236 1983 4158 305 
313 309 557 2113 2113 
2691 
58 248 

880 4516 547 640 
3251 2311 1733 
669 640 
363 338 36 338 920 
248 
2534 
2534 
828 828 
208 1810 

557 1566 8673 217 
4041 
816 430 2297 430 920 547 2837 
557 557 557 2329 807 3189 1673 557 
557 557 2329 807 3189 1673 557 
2606 
2606 
832 5609 832 
832 5609 832 
1325 
1877 640 640 345 383 
1877 640 640 345 383 
954 3054 


1397 311 495 548 544 5512 
793 1409 720 712 941 196 133 300 2188 85 935 822 217 
196 3674 
196 3674 
822 53 547 915 
53 547 915 
8709 4295 
2716 
557 35 159 159 5371 3095 931 
220 557 1922 1922 53 
3039 

1673 544 1339 529 1892 1892 
85 217 954 831 831 5467 3265 
3477 217 954 831 831 5467 3265 
217 954 831 831 5467 3265 
6 619 920 299 2537 254 413 2981 311 313 209 
7339 182 1941 

93 299 1547 85 1068 9815 
619 4516 3558 6910 
467 104 458 85 188 85 341 
467 3211 
3450 
968 300 4457 590 
2333 1067 430 
548 680 680 
4676 363 1949 603 1878 


3777 683 684 
590 2400 590 1566 590 467 

299 
3363 
1876 1876 1876 
590 
383 383 1325 208 
383 1325 208 
324 85 703 
300 52 2240 52 

1153 1946 669 

904 
822 1325 345 2814 300 345 345 93 
3279 3859 200 319 1216 3279 
784 486 893 31 1216 31 1936 3229 3715 31 710 2719 
299 299 397 
945 238 1922 1922 3425 
1153 880 
880 1896 853 1153 
388 327 474 
505 313 
1800 299 1800 391 244 
197 5158 495 196 
299 1800 391 244 
529 4367 
244 104 5577 
512 399 3057 

162 16 242 121 56 1490 1490 
300 4062 5054 1256 8911 1941 857 1941 3471 
1295 505 640 1684 6831 829 35 221 238 
399 53 139 542 2410 188 
557 182 
3065 2957 458 6550 
253 
504 3429 217 919 919 627 

3050 521 852 681 
345 85 
397 
877 3442 164 3804 877 935 

3028 430 952 
389 31 4060 
2 3856 397 1143 749 
4400 

4307 297 4307 
1839 
1720 3485 355 
397 397 1511 521 521 
397 397 1511 521 521 
397 345 85 4243 430 
7876 399 2922 1613 73 3784 42 5412 73 5412 42 73 7876 
291 1848 
2277 788 
2875 341 2875 297 7340 164 2875 1890 
667 3265 2038 1850 
596 
864 467 117 
822 313 966 360 822 2464 
197 2333 300 710 391 217 7618 232 217 316 
2 816 816 
917 1325 788 831 831 
950 241 1577 
345 430 495 327 


345 
8926 822 2333 
8926 822 2333 
557 
85 917 1610 345 85 85 
313 313 2381 732 2183 
557 2088 291 196 1127 945 877 299 945 104 877 977 521 

6596 
31 31 680 31 680 
355 
397 458 1355 219 
9061 
2796 1366 2500 2500 2796 2500 6693 2796 1366 246 2275 
540 6768 
383 397 
383 397 
544 236 4457 1056 2500 
1890 383 383 383 3211 2208 
85 
2783 297 3317 238 238 297 
221 3265 64 64 788 950 788 64 1460 
221 
4660 669 4660 4660 
413 413 919 430 945 4193 919 85 35 
3253 
383 383 383 
383 238 4247 388 383 391 
2398 244 3190 720 341 73 
822 680 5903 627 64 786 590 822 

319 
345 196 
1577 217 35 35 829 1566 


495 
883 
7463 3519 
497 969 6550 4001 


2085 950 133 828 855 950 2085 950 133 828 855 


2657 
458 
4069 3547 268 2157 2767 2276 
1946 
399 221 
399 

133 3519 

4472 220 4555 
6377 6819 
300 
4295 9182 3809 8328 297 297 

972 1545 3204 3916 
915 7047 893 5512 85 

2957 309 319 919 
557 413 968 788 2992 968 
85 950 
85 950 

85 389 399 200 
854 854 4650 494 854 703 822 389 854 367 19 
5866 2326 2957 
1718 1588 1239 

2333 857 3602 1566 2399 397 397 327 

9229 1019 324 9229 1946 7663 9229 217 311 1200 495 2980 3861 3485 1946 2578 1965 
85 324 9229 1946 7663 9229 217 311 1200 495 2980 3861 3485 1946 2578 1965 
324 9229 1946 7663 9229 217 311 1200 495 2980 3861 3485 1946 2578 1965 
9229 1019 324 9229 1946 7663 9229 217 311 1200 495 2980 3861 3485 1946 2578 1965 
3519 772 1946 
28 905 640 919 495 968 788 2992 968 
4138 2261 
196 822 

1878 1673 2230 548 1551 3208 
2230 3208 321 
788 547 772 1946 1946 35 
345 
772 2297 2297 3534 968 8337 1978 740 238 8337 
4381 4381 8047 4381 1882 


186 547 547 1752 217 85 547 547 822 557 

1021 238 238 1021 238 238 
31 822 6196 1256 822 
1350 397 822 6196 1256 822 
667 
267 
196 1154 945 
298 298 
2162 85 2783 2992 811 121 2663 1312 2297 
777 1022 1154 1154 239 2439 416 257 884 8083 
319 315 2203 851 319 315 2203 851 

3067 4494 117 3031 474 805 

520 254 
309 3501 365 389 389 828 172 355 
3501 365 389 389 828 172 355 
397 309 3501 365 389 389 828 172 355 
929 309 3501 365 389 389 828 172 355 
2230 3266 309 3501 365 389 389 828 172 355 
6126 2998 920 

1229 1229 1229 1229 1229 5218 2783 
1229 1229 1229 1229 5218 2783 
822 2578 
188 458 968 1325 968 
2016 3785 2373 316 


159 322 
116 1752 1942 121 196 399 557 4001 547 4959 4959 35 399 557 121 2183 
4320 3287 3287 505 547 
3289 391 
2277 261 261 596 3013 2167 93 253 1484 
276 680 

1850 327 
2792 2792 3429 1256 85 920 
300 2129 2129 2129 
788 2875 365 
1567 2528 
3460 
85 3653 


3171 169 
324 217 822 324 1572 713 254 
424 5334 309 2607 31 309 1067 1597 3588 3858 
4930 9669 759 389 713 851 2607 

1256 184 1067 
3253 217 2162 217 217 217 217 
56 383 703 
541 7047 1355 159 969 
1153 

1720 720 1813 2456 
720 1813 2456 
3251 388 196 2157 547 2157 
2957 
1762 188 1720 1720 1153 1324 1456 2957 
85 300 917 6924 917 178 

6787 6787 
558 397 
4030 
360 188 735 1197 713 290 
3527 
4068 950 

58 6060 529 85 85 85 5727 3648 2125 
355 172 238 3225 190 278 544 355 355 
880 397 772 182 3477 547 4974 345 383 
383 345 
383 345 
138 1304 3190 9934 85 28 260 
5469 139 3427 
1449 541 1613 763 374 1446 19 
397 822 3095 

282 282 282 920 
258 430 110 740 5360 258 104 401 1447 557 
85 6110 389 196 
397 

4143 627 
31 
623 590 64 1937 3767 1753 3230 1483 9226 1937 3767 853 117 544 
2992 3230 5149 1753 1753 2528 814 1753 2088 805 2842 3115 1753 7426 4797 623 64 
4434 2031 2240 363 297 31 2031 494 494 4626 363 3849 

4483 
430 3588 2456 
1712 917 3450 
397 397 1218 
397 
397 
172 1109 2240 31 338 297 172 1109 391 9957 
236 1877 4419 772 374 2875 1001 
842 924 
8899 7998 541 9963 1848 52 52 7813 52 4018 52 52 866 

734 
299 1067 
6244 
2039 2039 1490 182 
2039 313 557 2766 35 
1059 311 1367 309 
397 397 1059 
1817 
3182 919 919 360 365 238 919 919 278 3182 919 919 360 365 238 919 919 
1067 184 1109 851 1109 138 1109 138 
684 1154 977 1154 182 217 80 
2916 2625 805 80 805 3460 2625 367 2916 
1197 345 383 345 5591 5591 

793 


139 548 2157 
35 919 
108 104 786 2038 110 117 117 110 108 267 31 367 784 0 784 31 137 921 786 121 921 31 786 
602 429 201 5144 134 3373 
374 221 202 202 374 374 202 374 713 254 178 202 842 2333 
221 6025 367 2 238 
458 
196 3533 1355 458 241 
313 397 93 3318 3318 772 238 
2537 
3648 4066 788 3287 3809 

345 345 3095 950 2039 703 950 
2460 2117 494 1338 3480 324 239 104 

58 

341 719 1059 956 719 3117 728 

557 467 65 704 
3678 196 829 
3535 3577 822 828 
186 2793 5790 430 952 952 
2611 188 

321 3182 547 786 3982 1245 299 740 
208 
1219 716 2828 56 391 
281 208 58 
3044 104 265 


2109 
1200 5783 822 
3819 8289 1052 931 9398 8384 7490 


822 178 1483 
788 
1256 248 952 430 
458 752 
85 315 
10051 
772 810 35 2276 
2297 2058 85 430 669 917 217 383 85 
2297 2058 85 430 669 917 217 383 85 
182 
1749 586 586 586 586 
893 1526 169 178 178 


3246 8192 2819 
64 6552 1751 
338 596 217 73 3095 7476 2271 2983 
430 
383 355 548 
244 


1966 
646 970 1543 238 717 

3630 1350 

142 557 557 2 2 275 557 275 
341 56 842 857 202 

6377 6180 6765 3946 4685 6392 10086 4680 6056 6242 10087 

557 504 2685 852 757 3246 2685 852 504 757 138 5467 

7268 
979 5666 315 3037 315 5666 5666 
297 1200 132 
3464 254 391 
397 383 
397 397 
735 7836 383 3202 2575 458 458 883 883 
728 85 85 547 728 93 1640 
35 35 35 881 85 
927 217 3245 772 4245 1941 282 912 2682 
680 


7412 3265 720 2819 1753 
1999 338 596 721 239 1484 548 360 2157 2016 970 919 397 

397 
397 
217 327 547 300 341 
557 188 219 949 949 2049 
3743 1414 1641 2522 1456 399 1456 1652 399 188 2 2 7842 732 
2230 300 188 3944 4125 970 4125 970 
85 327 
324 
1414 1031 

64 828 
1426 
956 2828 220 

278 
2073 5387 276 267 2361 2398 
1067 822 721 
667 1946 3427 
2297 85 1946 430 313 2297 297 

3742 2728 246 
749 4675 445 1194 2218 51 178 667 6349 241 196 

2997 2425 
110 703 1446 
2783 3826 121 3051 110 110 853 547 399 
110 110 6 6 6 6 
4367 
3429 950 923 3041 
275 275 85 814 10139 
2611 
2611 
5517 1875 169 1184 169 

309 309 590 
811 977 1109 196 241 18 
1350 822 93 2456 3588 178 1791 4007 244 
383 
812 1965 275 1850 1848 
10154 1099 236 759 2691 
3699 104 341 3871 

2521 243 4030 1239 2521 
313 184 879 241 367 367 367 309 178 391 
244 
1324 6552 1751 
1324 6552 1751 

445 

977 2333 
2333 2333 
217 822 298 298 276 923 

640 640 495 291 
2004 
1264 1304 7154 710 1019 1971 726 258 3368 1965 297 
85 822 822 35 299 299 299 832 4165 829 241 759 3674 759 
1509 162 1950 627 2003 184 1278 
1021 1850 634 1414 399 3247 1873 399 3929 

220 
129 315 646 2297 822 759 1965 710 341 313 4077 178 
35 2983 399 399 85 238 2276 188 2297 6007 345 7648 6782 1056 3265 297 2791 
458 316 3759 172 3954 172 544 2988 

64 51 4457 
244 
374 1641 1399 104 3108 2764 2399 
329 7098 
4245 3765 3450 
345 
184 389 4369 639 117 290 

2921 2762 1676 
772 458 4790 1882 388 299 299 299 299 828 
3854 6750 6750 1753 355 132 5066 
1544 
822 1544 299 
880 248 1882 388 299 299 299 299 828 
880 248 1882 388 299 299 299 299 828 
430 970 


3559 
319 977 327 918 

728 828 85 828 828 345 3556 1067 828 
778 
56 842 345 
282 2988 1056 

184 1350 4227 
93 3039 129 360 130 190 190 363 
3537 2342 8169 6909 9818 7837 4780 471 596 1971 703 
1154 669 458 505 19 458 93 458 311 495 548 458 1154 669 458 505 19 458 93 458 311 495 548 
1154 669 458 505 19 458 93 458 311 495 548 458 1154 669 458 505 19 458 93 458 311 495 548 

208 1185 453 2959 217 220 
3396 

388 
7351 458 1225 341 2 7351 7351 7351 1800 2 2 7351 
64 
1250 623 557 299 749 291 1067 749 1386 1367 399 93 329 
4127 1892 1184 
85 

955 1239 4307 9621 35 1613 1239 
383 397 
923 217 35 399 627 3581 93 
137 1550 927 3496 188 


397 

315 544 952 188 399 829 1652 2059 188 541 367 236 2451 172 721 85 
2978 977 1987 1256 

389 2157 
547 327 547 3777 544 547 6596 931 804 2087 2460 784 64 3148 
2959 319 93 721 230 
85 345 85 2110 
897 492 945 
1292 

1718 

383 3506 397 383 
290 3917 121 272 
383 
388 299 299 299 299 828 
159 190 2849 2965 904 360 3450 596 190 
1882 388 299 299 299 299 828 
383 3190 253 2987 327 1143 920 
905 58 184 73 721 399 
268 

196 399 389 85 85 1896 3993 
1817 1661 2957 217 6276 4193 313 1653 85 297 

1250 923 1641 217 121 1250 1447 

367 184 
4176 
2276 
5278 2611 873 19 19 4626 217 121 311 
590 85 1875 590 590 


3469 19 

4245 129 244 164 4245 397 4245 

6896 1735 941 6896 
6888 544 28 345 345 
321 
1197 217 1096 3875 217 

1110 786 3862 0 
300 397 10246 85 184 
2273 1460 5738 2460 1937 1641 1166 
172 931 1001 
2333 842 547 220 540 



2073 2591 8696 1386 927 
947 1153 
360 
1910 1790 
277 593 
85 
544 3460 495 
2819 627 
85 1890 720 5814 
5039 260 297 2399 1965 2957 
189 
308 544 521 1153 
297 158 2038 529 
10261 10262 254 
10261 1156 3705 10261 1156 727 



547 557 

788 710 788 2 

873 
383 
248 248 
35 
832 

276 1225 345 2038 3775 297 297 
31 628 162 494 945 31 494 945 31 494 494 93 494 311 851 31 713 363 
945 31 494 363 104 3804 1110 363 363 363 3183 4597 363 363 
345 1456 2551 2762 3834 1056 1001 
430 3778 2196 319 
772 2837 7286 85 3556 1049 1556 2512 547 
7868 4958 2948 9579 10272 9579 3398 
1312 85 814 1868 297 1640 
172 2277 85 85 954 
196 4504 321 321 1812 1056 710 15 
955 927 
52 52 52 
1780 123 634 309 4097 1800 1845 
1753 1753 

4437 2607 

196 
3534 4159 
1256 217 2264 217 2264 217 2264 3972 
1238 1791 
873 757 
430 6802 10293 3954 1164 
3579 6043 93 374 
299 236 1845 319 300 831 1238 309 19 920 763 

383 383 383 383 968 
4160 6725 
391 1792 
474 31 300 389 556 241 389 2038 1325 1825 
35 547 341 116 
557 822 31 547 550 557 547 31 
822 338 727 3556 
85 1067 546 196 1941 
85 1067 546 196 1941 
4367 182 
85 248 

341 3211 
919 


605 31 1023 31 104 2240 31 865 2117 2001 31 
467 3246 

897 
1718 832 


178 590 85 2887 85 495 590 188 178 590 324 178 590 
1093 2361 85 680 905 880 196 
4295 4331 547 2297 1857 2031 
4331 547 2297 1857 2031 
547 1916 1916 3035 458 389 
7130 3867 467 
458 73 

905 547 547 1443 
1573 401 401 85 
822 305 248 248 248 667 311 309 842 3747 832 3747 2197 2783 2165 4279 3229 822 
917 917 
85 430 85 4434 
15 1817 217 117 300 217 
2079 217 313 2611 188 1225 1153 1613 367 85 919 1946 
399 35 397 217 85 
3830 1692 





1067 1067 182 
1067 1067 182 

397 557 196 

188 196 842 178 
920 822 
1067 
1460 1483 1200 2222 5299 547 220 93 6280 
3765 172 3239 4622 3765 7162 3765 825 
495 927 495 
345 2109 345 
759 759 85 85 

309 
577 308 968 788 2992 968 
3197 





1312 367 318 1019 713 828 731 
341 397 1068 852 313 1350 
1154 1978 248 4073 529 893 893 529 893 
123 627 6468 627 162 
3748 


3442 1049 2163 65 1813 
544 544 
1232 1983 85 1848 
1641 
8846 1868 
2277 
52 3278 1185 4030 278 7593 505 4031 1153 367 680 1259 680 

951 6782 1866 680 

401 17 
937 188 219 217 937 239 
8475 822 355 669 1245 297 
1556 
710 132 505 104 921 
897 6294 239 254 947 172 1153 947 529 2447 1770 1185 1153 2447 


1420 

1256 2275 2109 
399 829 824 788 788 3851 3851 
276 3159 268 396 1640 912 4555 3265 520 
950 133 3648 190 1449 196 3527 297 912 
7924 547 897 1386 
979 
3990 3990 
2935 
172 2031 467 1325 1119 
2276 

952 3927 
244 196 772 2638 5720 6330 241 
919 399 311 1200 4490 542 399 738 6561 201 1546 
56 196 2280 52 178 190 778 

3408 1718 
397 397 397 4016 


2439 5259 829 2562 1386 278 73 898 590 
593 85 85 190 299 328 
85 85 190 299 328 
917 917 217 196 4000 

497 2180 3044 884 121 1250 2180 220 
2791 1238 1602 300 
413 3767 297 831 297 831 3893 

297 2297 254 822 935 713 1653 520 2297 
4860 5511 3917 3426 3917 


85 1483 6416 217 4827 540 
3908 360 3028 324 2509 73 343 759 28 759 10398 
6093 278 710 3405 308 129 2593 5591 721 3190 5609 5591 
646 822 2276 977 2870 2591 182 8846 1703 1312 1819 
35 969 
116 2547 
238 954 53 238 221 238 3431 945 1171 3179 521 217 297 1661 172 1896 221 238 
1882 
547 547 547 3450 547 713 5016 313 2663 430 
248 
272 919 
703 
239 872 
383 919 324 324 805 297 
816 
1414 
383 313 
1896 4247 1896 1153 389 1153 389 920 547 61 547 728 1218 547 
1447 923 4502 1250 923 1641 217 121 1250 1447 
3251 578 3449 713 1641 
246 935 360 715 

324 129 
828 272 788 
2264 220 311 3944 
253 8699 2029 1154 2029 883 2029 4345 3207 4389 596 1143 881 3208 1752 
546 2370 8235 5007 3718 3442 5381 546 2370 8235 5007 2447 260 3718 3442 
1810 544 590 

1133 196 497 2630 
954 547 640 547 217 397 2298 547 1686 527 399 1946 341 824 
28 3117 3051 28 713 822 3051 324 3051 4661 110 2898 2297 2791 920 
313 184 879 241 367 367 367 309 178 391 
4388 1595 2155 1692 6970 319 
6243 822 495 3190 5591 467 6243 3908 919 495 822 495 217 85 
893 1067 
474 93 2794 
1350 397 397 116 
905 778 1613 35 1093 548 969 2983 2983 7759 324 
397 298 
829 4406 321 319 374 
121 4628 919 327 464 121 1312 2591 
315 829 3415 315 2323 
85 

851 4122 1551 19 703 341 
299 399 829 
1256 640 7648 
315 2361 2398 

321 812 321 822 3538 822 578 684 
190 248 504 391 
713 952 931 1253 2836 85 1339 169 1256 
399 942 64 4435 727 1447 667 639 550 221 261 
430 728 919 2767 1067 319 3095 121 
864 897 2171 864 1594 196 739 
341 640 881 159 121 881 6349 881 
1245 397 968 3373 968 788 786 1245 345 1245 397 430 
822 2997 864 872 
744 315 
1940 1619 4030 1212 445 8532 5198 4395 
219 884 629 217 121 822 950 219 547 547 
19 182 2900 812 622 

254 
116 56 309 116 56 309 
1447 305 548 2657 805 557 557 7253 297 367 258 4046 258 
5731 3287 8943 5731 3287 
3265 911 52 4290 
172 546 1915 297 919 1339 
383 1790 
728 397 397 397 
3648 116 
772 919 85 28 230 4042 720 133 1877 3429 3836 
1346 396 

3246 3588 
1067 1200 
3410 3410 3245 


3251 7253 822 1156 981 
324 2783 297 759 1917 1342 1001 
919 445 893 2898 129 
918 3095 3263 1420 


282 
327 341 
85 85 
315 
298 458 548 
942 1456 497 2800 2196 7774 6643 1890 8059 116 159 
85 
322 919 1506 5448 236 
341 3203 646 430 591 389 591 591 1882 591 275 591 591 3431 591 591 
950 19 
2999 853 814 345 3312 1800 2528 
2705 2791 1194 966 254 1573 715 1812 341 254 1216 3887 111 3887 5896 313 
104 
4071 
881 
917 397 6 2122 184 972 35 

1399 355 547 355 

458 397 313 389 313 389 

1978 316 608 123 608 
4013 
3450 
399 628 667 300 445 667 5070 727 1520 
220 219 1871 219 5544 399 822 3244 1200 3427 919 2859 4457 65 4494 4519 4519 261 977 



5774 3335 979 5774 

4472 
1109 

4125 
184 2448 1547 596 2959 1245 1503 

2819 727 4018 
389 2034 217 
93 458 389 3980 458 548 3464 3057 
399 474 327 93 4193 93 4125 784 184 217 
217 
1379 3775 2012 
3251 319 3243 3251 619 822 297 

547 4718 2439 547 367 829 2981 35 829 4350 590 
3117 
919 864 4129 864 
1594 1594 
822 931 

217 363 822 31 945 254 
123 1753 2003 182 123 277 
93 31 548 196 93 93 93 341 
129 244 3279 1521 173 341 1551 217 73 315 85 297 2978 


1339 

2311 


1890 1067 1720 


248 

164 10723 
188 

829 1966 

822 3519 968 



4176 
383 

4672 319 319 397 397 397 728 

28 1753 85 1143 


2109 
912 9934 2297 1922 1922 
