10 
11 12 13 14 15 
16 17 18 19 16 20 11 20 20 21 22 23 24 
25 26 27 28 29 28 30 31 32 
33 34 35 36 37 38 39 
40 41 5 6 42 43 44 45 46 47 48 49 
50 51 52 53 54 55 56 57 58 
10 77 78 79 20 11 20 22 20 21 23 24 
80 81 82 83 4 84 85 86 87 88 89 90 91 
92 93 94 
11 95 96 97 20 98 99 
117 92 93 118 119 
92 93 118 119 
120 121 
122 92 93 
123 124 125 41 126 
127 128 92 93 
129 92 93 
92 93 
130 131 132 133 134 135 132 136 
143 18 144 145 146 147 148 6 149 
150 151 152 153 154 155 156 157 153 154 158 
159 160 161 162 95 163 10 102 
164 165 166 167 168 169 170 171 172 173 174 175 176 177 170 178 171 179 170 
189 190 191 192 193 187 191 190 194 195 196 197 142 198 123 199 200 201 66 202 159 203 204 205 
207 208 209 51 210 211 212 213 214 215 216 215 217 218 87 219 220 221 222 223 147 142 224 225 112 226 
254 255 256 257 257 
260 261 262 
102 96 1234 880 188 253 
282 201 66 202 159 203 204 205 
283 118 283 96 284 285 286 287 288 60 38 289 38 
328 329 330 331 332 333 
151 383 384 385 386 155 387 388 389 329 390 387 388 
391 392 393 394 202 215 
393 
129 400 400 401 402 403 404 405 406 87 
407 408 409 410 411 409 
202 384 412 
413 414 415 416 9 414 215 417 418 419 420 421 422 423 424 114 
386 384 386 425 389 11 388 329 390 387 
155 426 386 384 386 425 389 11 388 329 390 387 
427 428 429 430 431 432 136 433 367 434 435 436 410 408 409 410 411 409 
437 438 386 409 408 409 410 411 409 129 
439 440 441 442 443 444 
445 358 446 381 
368 447 448 51 449 450 451 393 452 453 439 454 455 
456 457 458 96 459 460 
461 129 462 463 464 465 466 4 467 
311 468 469 470 471 230 472 
473 474 475 
202 10 319 478 479 480 10 319 481 482 483 41 409 408 409 410 411 409 129 
427 428 429 430 431 432 136 367 434 490 486 403 487 488 489 
491 427 428 429 430 431 432 136 367 434 490 486 403 487 488 489 
427 428 429 430 431 432 136 367 434 490 486 403 487 488 489 
368 492 493 494 495 496 497 498 
499 500 5 499 501 502 503 504 388 505 506 393 475 446 475 
507 383 508 393 509 510 511 512 513 514 515 507 516 114 517 423 518 519 516 520 
242 507 383 508 393 509 510 511 512 513 514 515 507 521 522 127 
393 523 523 56 524 525 526 
540 541 414 542 543 544 545 393 388 546 547 
548 549 393 550 393 551 393 550 
393 527 528 386 384 386 425 389 11 388 329 390 387 
393 
552 553 41 129 554 393 555 556 
552 553 41 129 554 393 555 557 383 558 559 560 
552 553 41 129 554 393 555 10 561 
552 553 41 129 554 393 555 
552 553 41 129 554 393 555 562 534 563 564 343 565 566 338 567 568 
393 569 570 571 572 344 393 393 573 435 574 393 575 576 471 577 578 576 5 576 579 
393 202 580 581 436 
393 582 311 580 581 436 
583 393 584 436 585 586 587 588 393 589 590 591 592 593 573 393 573 594 595 596 597 588 
598 393 329 
580 587 414 599 600 601 602 393 603 604 
393 605 606 
202 607 608 281 393 609 398 610 611 
648 
655 672 315 673 674 675 670 676 10 677 678 10 679 680 681 49 211 682 2 678 678 
696 697 521 697 10 698 
479 548 699 700 701 206 10 702 680 702 293 703 704 479 681 705 706 
479 548 427 707 708 709 707 708 317 293 709 710 479 548 63 700 479 548 699 700 479 548 701 701 206 10 680 711 702 
712 713 699 714 699 699 479 548 699 700 702 680 702 293 703 
715 716 704 717 423 6 718 717 
719 720 680 132 721 132 722 723 721 724 703 725 10 726 118 727 118 
10 132 132 728 721 729 730 731 252 732 111 733 734 10 735 736 
705 786 617 303 161 200 326 772 
787 788 789 790 791 171 
797 788 798 41 799 752 753 754 598 755 756 757 758 759 
753 
824 825 707 753 
2308 79 223 2683 5375 1933 2460 219 5365 1608 1435 2311 2010 1449 1610 2146 1291 2312 215 2313 2314 2315 
838 839 840 391 391 
294 295 841 842 843 844 845 846 847 848 849 850 640 419 851 
147 852 853 832 178 854 855 856 147 857 46 858 391 391 
0 118 30 872 330 659 873 874 875 306 853 
488 881 751 882 381 24 883 833 884 51 885 886 
147 852 853 832 178 854 855 856 147 857 46 858 130 887 10 888 
889 88 890 889 889 88 890 889 
859 860 861 862 248 859 860 863 10 872 330 659 873 874 875 306 853 
859 860 859 899 900 10 
909 910 622 911 833 295 912 913 914 312 215 915 87 
879 993 428 994 358 995 539 753 319 992 
206 50 298 996 
1009 712 771 446 447 1010 191 312 1011 
1048 489 260 1049 232 
489 260 1049 232 
489 1050 1051 358 1052 731 1053 1054 1055 709 1056 1057 737 
489 1058 265 1059 1060 1061 
1062 489 1063 1062 489 1064 1065 1066 1067 1068 1062 1069 1070 
1071 1072 1072 1073 1074 311 489 1075 1076 939 1075 939 397 221 638 489 1023 479 1077 561 221 1078 221 
1080 489 
489 654 1091 
1092 489 691 1093 988 489 699 1094 988 489 699 699 707 1095 180 489 
489 1096 1040 1097 1098 281 1099 1100 1101 
52 1106 139 1107 199 52 1108 833 1109 1106 10 52 
1110 1111 1112 1113 202 1114 1115 1116 1106 1117 1118 1119 1120 
1121 1033 1122 1106 1123 1124 1125 1126 
1127 52 1128 868 1017 1129 1130 702 10 
1131 1132 1133 284 1134 1135 1136 
52 1137 1138 424 52 241 1139 52 1140 716 716 52 1107 52 1107 706 
1128 1128 1141 1142 574 1143 1127 1144 1145 1146 1127 52 1128 868 1017 1129 1130 702 
1147 307 1148 1128 1128 1141 1142 574 1143 1127 1144 1145 1146 1127 52 1128 868 1017 1129 1130 702 
1149 1136 1150 1151 389 1152 832 556 1048 1153 193 1154 
1136 1136 
1108 1155 457 1156 1150 1151 389 1152 832 556 1048 1153 193 1154 
1136 1127 52 1128 868 1017 1129 1130 702 
1136 1157 978 1158 165 
1159 1160 1161 1162 1163 1164 1165 1166 978 1158 165 
52 903 1167 1168 285 1169 1170 1171 1172 1168 1173 1174 1173 1175 
52 1127 52 1176 230 305 478 424 284 284 10 41 251 52 1177 
1043 292 234 237 1178 1179 1180 1181 292 1182 306 1168 285 1169 1170 1171 1172 1168 1173 1174 1173 1175 
52 
52 1183 52 1120 856 700 567 1132 1184 93 1185 872 
1186 1187 1188 52 1189 1190 1191 1192 1192 1187 1192 1192 794 1193 1187 1192 
52 871 1194 52 1136 52 52 52 
52 1195 215 1196 93 1197 215 1198 52 1120 856 700 567 1132 1184 93 1185 872 
129 1199 1200 1201 91 52 52 52 1120 856 700 567 1132 1184 93 1185 872 
1202 52 1195 215 1196 93 1197 1198 52 1120 856 700 567 1132 1184 93 1185 872 
52 1203 1204 1205 1206 
1136 52 52 52 1136 1157 
799 52 1208 799 1209 1136 312 52 
52 1183 1210 1211 52 1120 856 700 567 1132 1184 93 1185 872 
650 52 1212 312 1017 1213 13 82 1214 1215 293 19 1216 
1217 416 1218 1219 1132 505 416 1220 505 52 1120 856 700 567 1132 1184 93 1185 872 
698 1106 52 1221 1028 1120 1144 419 1222 1223 230 1224 518 222 181 
52 630 344 735 1225 295 673 1226 1193 1227 344 215 1227 
52 52 1120 856 700 567 1132 1184 93 1185 872 
1228 1229 284 1230 1231 552 52 52 1183 1211 52 1120 856 700 567 1132 1184 93 1185 872 
52 1183 1211 52 1120 856 700 567 1132 1184 93 1185 872 
1232 1233 1234 1219 1235 1236 9 1188 52 1236 1237 1113 1238 1142 1113 739 387 102 1239 1142 1113 1232 
118 344 52 52 52 1120 856 700 567 1132 1184 93 1185 872 
52 52 1140 716 716 52 1107 52 1107 706 
1250 330 1251 6 874 1252 1253 1254 661 1255 1167 590 1256 1257 1258 1259 1260 1261 89 
237 615 237 615 1229 1262 520 1262 1263 1264 1265 1266 
1267 410 1268 
1269 125 573 105 554 706 1270 370 1271 1272 1273 1271 1274 87 925 1275 1276 
786 1243 84 1277 963 
1278 247 1279 1280 247 1281 1282 19 
410 1268 
1284 330 650 1285 330 330 1286 26 10 1032 1287 1288 10 404 1284 
833 63 63 202 1289 833 63 63 202 1289 
1294 246 807 1295 
1296 166 330 963 330 650 244 1297 1298 470 1299 330 1300 1301 1302 330 1303 1304 1120 1305 1305 330 1306 
420 259 1307 77 30 1051 118 445 853 1308 
1320 1321 147 1147 85 704 1322 330 1323 
184 617 
1168 281 1325 281 1326 1326 311 391 1327 1328 1329 974 343 1064 343 1330 343 1331 
436 1311 436 838 623 1332 1333 1334 1335 
420 259 1307 77 30 1051 118 445 853 1308 
883 1336 1336 1337 1338 883 1273 95 1270 95 56 1024 1339 
753 804 140 297 232 1099 1340 232 491 358 1341 94 
191 959 1347 27 1348 1349 
1288 1284 330 650 1285 330 330 1286 26 10 1032 1287 1288 10 404 1284 
224 77 30 1051 118 445 853 1350 1308 
1168 86 1351 
1277 804 55 1008 1244 
1296 166 330 963 330 650 244 1297 1298 470 1299 330 1300 1301 1302 330 1303 1304 1120 1305 1305 330 1306 
281 1352 1217 1201 1353 1201 1201 112 60 1201 95 1308 
1284 330 650 1285 330 330 1286 26 10 1032 1287 1288 10 404 1284 1284 330 650 1285 330 330 1286 26 10 1032 1287 1288 10 404 1284 
105 554 706 1270 370 1271 1272 1273 1271 1274 87 925 1275 1276 
1354 475 
1355 1289 1356 1357 419 556 
1358 1359 346 475 852 852 1360 376 215 475 446 
1284 330 650 1285 330 330 1286 26 10 1032 1287 1288 10 404 1284 1284 330 650 1285 330 330 1286 26 10 1032 1287 1288 10 404 1284 
1270 311 816 180 180 629 1201 
1361 89 82 1362 1363 
586 1364 1365 1366 424 1367 1368 1312 275 1367 1053 174 421 423 424 114 
1369 1250 1370 1371 1372 281 1373 330 1374 1375 1371 
86 284 1308 
883 330 412 760 883 1270 1270 1273 883 1270 1270 1314 1270 682 833 
77 772 88 232 326 1376 327 772 1377 
1378 1273 95 1339 1270 95 56 883 1270 1270 1273 883 1270 1270 1314 1270 682 833 
1277 804 55 1008 1244 
1379 1007 1380 1201 463 206 1381 1201 56 1379 1201 1353 1201 1201 112 60 1201 95 1308 
1382 158 643 158 1383 617 358 358 1384 1385 1386 1128 1387 158 1201 1388 158 77 
885 1389 219 1389 1273 1273 
788 159 1396 158 1397 479 1380 1398 1201 1353 1201 1201 112 60 1201 95 
1308 
84 1399 1400 939 259 1307 77 30 1051 118 445 853 1308 
1401 1402 1403 1404 216 1405 630 877 911 1406 1405 630 
4623 1200 704 712 2707 
1407 311 993 79 1408 764 
1409 1052 1401 1402 216 1405 630 877 911 1406 1405 630 
91 1410 1411 
330 589 1416 1417 1418 
147 420 259 1307 77 30 1051 118 445 853 1308 
494 311 816 102 219 219 690 1247 1419 816 180 180 629 1201 
487 147 1420 147 487 1421 1024 1311 77 30 1051 118 445 853 1350 1308 
147 420 259 1307 77 30 1051 118 445 853 1308 
1432 1217 1201 1353 1201 1201 112 60 1201 95 
1433 1434 1435 1436 
518 1437 85 190 1036 77 30 1051 118 445 853 1350 1308 
1438 984 505 105 370 1271 1272 1273 1271 1274 87 925 1275 1276 
518 1437 85 190 1036 77 30 1051 118 445 853 1350 1308 
190 1036 77 30 1051 118 445 853 1350 1308 
1127 1127 1127 52 1447 1448 
52 52 1132 1449 10 1450 52 
1451 556 52 1183 52 1120 856 700 567 1132 1184 93 1185 872 
1452 52 165 1106 427 1453 1454 1132 1455 
571 725 553 1456 52 10 1236 1284 1113 1333 1192 1279 390 1457 1458 1187 
52 52 1120 856 700 567 1132 1184 93 1185 872 
52 802 657 1322 1460 41 1461 57 1462 1463 161 182 52 1464 1132 
52 1465 293 1466 1467 1468 293 377 1469 738 617 
52 1210 1470 1470 52 1120 856 700 567 1132 1184 93 1185 872 
52 1183 52 1120 856 700 567 1132 1184 93 1185 872 
1127 1127 1127 52 1447 1448 
52 1471 1472 382 
571 725 553 1456 52 10 1236 1284 1113 1333 1192 1192 1186 1190 1473 1474 1192 1186 1190 1473 1474 
52 1183 52 1120 856 700 567 1132 1184 93 1185 872 
1451 52 1284 554 1475 1385 1476 93 1477 925 1478 68 1479 1480 1481 1482 9 869 898 545 1483 1484 
1485 1114 52 1486 52 1486 1487 199 284 10 899 52 1464 1132 
52 1136 52 52 52 
1127 1127 1127 52 1447 1448 
869 1488 1489 1108 52 1108 46 1490 1491 62 
52 504 283 52 504 283 1492 1106 102 
1447 1448 
873 1202 52 1195 215 1196 93 1197 215 1198 52 1120 856 700 567 1132 1184 93 1185 872 
1132 1493 419 52 1183 52 1120 856 700 567 1132 1184 93 1185 872 
52 504 283 52 504 283 1492 1106 102 
1494 1186 1188 52 1190 1473 1495 1496 1497 52 1236 1192 1192 1187 1192 1192 794 1193 1187 1192 
1447 1448 
1448 
52 1195 215 1196 93 1197 215 1198 52 1120 856 700 567 1132 1184 93 1185 872 
1209 643 1177 52 1498 1311 1499 52 1177 
401 1500 186 1185 1501 794 463 1502 567 419 1503 401 584 52 1120 856 700 567 1132 1184 93 1185 872 
52 
52 1195 215 1196 93 1197 215 1198 52 1120 856 700 567 1132 1184 93 1185 872 
1177 52 1498 1311 1499 52 1177 
1504 717 1496 1505 1506 1186 1188 52 1504 717 1496 1505 1506 1186 1188 52 1504 
505 1168 1168 57 1171 52 52 1171 1017 1108 
1504 717 1496 1505 1506 1186 1188 52 1504 717 1496 1505 1506 1186 1188 52 1504 259 259 
52 52 1120 856 700 567 1132 1184 93 1185 872 
491 1127 52 52 64 199 288 1508 1127 1106 1509 551 
1186 114 1510 23 52 1511 147 1429 54 1429 587 54 1429 1512 725 
52 1177 503 33 925 925 1136 52 52 52 
1504 717 1496 1505 1506 1186 1188 52 1504 717 1496 1505 1506 1186 1188 52 1504 147 1429 54 1429 587 54 1429 1512 725 
1456 52 10 1236 1284 1113 1333 1504 1028 675 1504 717 1513 1504 717 1496 1505 1506 1186 1188 52 1504 717 1496 1505 1506 1186 1188 52 1504 
52 1514 1153 10 1437 1515 1516 1517 
1456 52 10 1236 1284 1113 1333 1504 1028 675 1504 717 1513 1504 717 1496 1505 1506 1186 1188 52 1504 717 1496 1505 1506 1186 1188 52 1504 
1177 52 1498 1311 1499 52 1177 
52 1195 215 1196 93 1197 215 1198 52 1120 856 700 567 1132 1184 93 1185 872 
1107 52 159 847 1520 52 1511 413 52 52 1511 1521 1201 52 1522 1523 577 1511 500 47 
52 1183 52 1120 856 700 567 1132 1184 93 1185 872 
52 504 283 52 504 283 1492 1106 102 
1524 1525 52 1526 419 1527 1437 1515 1516 1517 
1106 1528 52 963 87 1529 
52 504 283 52 504 283 1492 
52 1530 1531 655 222 655 1469 1007 1066 284 856 1532 41 1106 52 52 1464 1132 
52 775 52 1120 856 700 567 1132 1184 93 1185 872 
84 44 52 284 10 19 
1535 1043 52 181 1136 52 52 52 
406 1186 1536 1188 1190 1537 571 725 553 1456 52 10 1236 1284 1113 1538 406 800 1539 1540 
52 181 1136 52 52 52 1106 
1535 1043 52 181 1136 52 52 52 
52 181 1136 52 52 52 
399 1541 1062 585 52 1542 1543 1544 1545 1284 1279 1546 
52 504 283 52 504 283 1492 1106 102 
298 52 1549 52 1550 1551 1132 1132 
1552 1553 623 1554 1555 419 623 1556 1147 10 165 1147 52 725 
52 1511 52 1120 856 700 567 1132 1184 93 1185 872 
52 1549 52 1550 1551 1132 1132 
52 1550 1551 1132 1132 
52 504 283 1492 1106 102 52 504 283 1492 1106 102 
1557 84 44 52 284 10 19 
52 1136 52 52 52 
662 726 911 1563 1564 232 52 586 570 147 
571 725 553 1456 52 10 1236 1284 1113 1333 1187 1187 1509 1186 1510 1187 1509 1186 1510 1192 1186 1558 1188 52 1190 1537 1473 1187 
1128 41 1565 1566 707 4 1567 1568 1144 872 1127 52 1128 868 1017 1129 1130 702 
52 1547 52 84 505 854 29 284 1548 
52 1569 816 1570 1136 52 52 52 
52 52 1547 52 84 505 854 29 284 1548 
1128 52 1128 1141 1142 1143 1127 1144 46 1159 1127 1572 401 1573 1451 
1577 52 424 1199 1577 1578 10 1136 52 52 52 
1511 52 111 1597 52 1120 856 700 567 1132 1184 93 1185 872 
423 1541 1506 1605 1606 1607 52 423 1608 1609 1610 423 202 1611 226 
1202 52 1195 215 1196 93 1197 1198 52 1120 856 700 567 1132 1184 93 1185 872 
52 1120 856 700 567 1132 1184 93 1185 872 52 1120 856 700 567 1132 1184 93 1185 872 
52 590 1201 52 10 52 87 392 51 1612 1613 52 
833 52 1076 57 1614 1127 1132 51 
1294 246 1619 905 284 284 284 573 1620 711 1621 1165 52 
1202 52 1195 215 1196 93 1197 215 1198 52 1120 856 700 567 1132 1184 93 1185 872 
391 1622 52 1167 1623 1624 436 1366 1311 
410 52 504 1363 1099 147 112 1628 654 419 1363 657 730 52 244 1120 1629 1079 1514 187 
1144 388 1144 52 1630 1228 1631 1632 1633 1634 1635 846 1634 1635 846 1144 
675 1636 10 1177 52 1498 1311 1499 52 1177 
1177 52 1498 1311 1499 52 1177 
52 52 879 
52 1195 215 1196 93 1197 215 1198 52 1120 856 700 567 1132 1184 93 1185 872 
52 1210 1470 1470 52 1120 856 700 567 1132 1184 93 1185 872 
52 1638 619 
1015 720 52 800 720 725 1284 1176 1639 423 1640 
720 1015 720 52 800 720 725 1284 1176 1639 423 1640 
52 1068 186 1132 
1228 1229 284 1230 1231 552 52 52 1183 1211 52 1120 856 700 567 1132 1184 93 1185 872 
52 1120 1058 1641 1642 651 1643 1119 114 1120 
1644 52 52 1120 856 700 567 1132 1184 93 1185 872 
52 52 879 
1232 1233 1234 1219 1235 1236 9 1188 52 1236 1237 1113 1238 1142 1113 739 387 102 1239 1142 1113 1232 
30 1651 1652 52 284 1653 1136 
52 1150 1151 389 1152 832 556 1048 1153 193 1154 
1142 1113 1232 1233 1234 1219 1235 1236 9 1188 52 1236 1237 1113 1645 1646 358 1000 416 1647 1648 1649 1650 
52 1133 311 1619 1654 319 1655 1656 
52 1134 1135 1329 1136 
52 879 410 1106 52 879 
118 344 52 52 52 1120 856 700 567 1132 1184 93 1185 872 
1191 571 725 553 1456 52 10 1236 1284 1645 1646 358 1000 416 1647 1648 1649 1650 
52 879 52 879 
52 1134 1135 1329 1136 
1127 52 222 1177 1469 1658 621 44 230 305 478 424 284 284 10 41 251 52 1177 
1390 114 52 1469 482 311 165 1659 698 1325 1150 1151 389 1152 832 556 1048 1153 193 1154 
52 1660 1661 823 84 52 1150 1151 389 1152 832 556 1048 1153 193 1154 
1127 52 222 1177 1469 1658 621 44 230 305 478 424 284 284 10 41 251 52 1177 
52 1127 52 1176 230 305 478 424 284 284 10 41 251 52 1177 
1106 833 52 1615 833 41 52 1106 833 52 1615 833 41 52 
52 414 52 414 1625 87 1106 1519 87 1626 1106 1132 
1616 52 1284 374 423 1058 567 419 1641 1642 1120 1662 622 1120 1574 1663 
52 1134 1135 1329 1136 
1120 1106 52 804 206 123 1616 1150 1151 389 1152 832 556 1048 1153 193 1154 
52 875 1284 1150 1151 389 1152 832 556 1048 1153 193 1154 
52 330 52 1120 856 700 567 1132 1184 93 1185 872 
436 1664 1506 1188 52 423 1144 57 1235 1236 1219 1640 1144 1665 1283 1187 1192 1666 175 
1667 52 41 1461 1571 52 1245 
1187 1186 1510 1190 1537 1668 1669 571 725 553 1456 52 10 1236 1284 1113 1333 1187 843 
1674 1675 856 52 436 344 1165 436 1674 
145 1186 571 725 553 1456 52 10 1236 1284 1113 1333 1521 1676 1677 1678 1679 1680 1681 1122 
1682 436 1664 1506 1188 52 423 1144 57 1235 1236 1521 1676 1677 1678 1679 1680 1681 1122 
52 52 1419 52 52 1683 752 312 
58 1687 1688 1689 1127 1106 1132 1017 283 223 508 1690 1127 1106 1017 223 388 1691 448 1475 733 1692 223 
1132 799 1693 98 1694 1028 1405 725 356 142 102 
1131 1132 1133 284 1134 1135 1136 
1059 800 1132 
1132 319 1695 1058 1696 107 
890 1697 1698 1699 1132 344 1700 
1701 655 1132 1147 1702 1703 345 920 1704 
1707 611 1132 1132 833 474 1708 
1709 1710 1132 758 1711 758 1712 741 1279 1064 1713 1293 1293 1293 474 940 406 
890 1697 1698 1699 1132 344 1700 
1132 319 1695 1058 1696 107 
92 771 1132 1714 92 1715 558 
98 1132 393 9 1716 1717 1718 1719 1007 
1557 1720 1102 1132 1721 1720 
770 1722 147 1518 1132 88 1723 1469 1724 1192 1724 833 1725 1726 1724 1727 
66 1728 1132 344 926 
771 1729 281 53 1229 1730 424 1017 1132 771 774 611 37 611 1731 1732 1731 1733 1703 
1734 1700 216 1132 344 1728 1735 344 66 1728 1532 1242 
1736 635 1737 1478 1132 1738 1739 1415 1740 284 10 215 41 751 884 
1132 1743 419 1744 643 736 738 643 392 
51 1132 638 501 1745 1746 1617 404 51 612 612 344 186 
1132 393 9 1716 1717 1718 1719 1007 
1059 800 1132 704 6 317 680 
1734 1700 216 1132 344 1728 1735 344 66 1728 1532 1242 
390 758 1132 1747 118 390 758 1132 1747 118 
128 1163 1132 1731 1748 879 28 1749 66 604 1749 257 1750 1288 462 1288 1749 1749 1751 88 
1163 1752 1753 413 1631 1736 1132 1754 1755 479 1756 1757 215 123 87 344 87 
66 1728 1132 1758 344 317 293 704 10 
1759 1760 9 1761 123 1762 1698 1763 543 1761 1102 1761 467 1102 816 406 1132 1764 1761 1193 1765 1766 1767 10 1761 1768 1624 1769 186 
59 885 886 1132 1228 
9 1761 123 1762 1698 1763 543 1761 1102 1761 467 1102 816 406 1132 1764 1761 1193 1765 1766 1767 10 1761 1768 1624 1769 186 
1132 1263 13 1770 
448 1132 1263 13 1770 
1059 800 1132 704 6 317 680 
1132 704 6 317 705 
1132 939 1771 1042 
1752 1753 413 1631 1736 1132 1754 1755 479 1756 1757 215 123 87 344 87 
1132 52 64 199 288 1508 1127 1106 1509 551 
1779 1132 236 1325 1107 1780 1781 
1132 910 1164 1099 552 1782 1225 524 1783 1784 
1785 1786 751 1004 1087 1132 1786 1787 543 1788 1786 1789 197 1790 1788 1791 198 1789 1792 1788 1578 1386 1786 
1132 704 1793 704 66 1683 
1734 1700 216 1132 344 1728 1735 344 66 1728 1532 1242 
1132 1794 1132 1795 344 1106 501 260 1469 709 319 
740 390 1801 771 1802 1803 1132 1804 102 1023 1805 709 
390 387 1806 230 1806 1132 252 771 216 1241 1807 576 1806 1808 
771 1132 1043 1813 1814 312 
1132 1815 1816 
1752 1753 413 1631 1736 1132 1754 1755 479 1756 1757 215 123 87 344 87 
439 969 1722 758 1132 398 969 
1132 1818 1818 1819 1415 1122 1820 102 1821 
1788 28 1132 863 351 351 
1163 1752 1753 413 1631 1736 1132 1754 1755 479 1756 1757 215 123 87 344 87 
77 1772 262 1132 1127 1822 500 
1823 1132 1824 1241 1824 1323 1825 1826 1827 833 
1132 1828 384 1696 347 1132 
1132 1829 
1132 1830 799 34 1831 501 87 1832 423 10 410 479 1833 1421 1116 1077 
216 1834 1132 1835 1836 707 1795 771 66 1728 1837 667 1476 10 1838 523 215 1132 
1132 1839 169 1533 1090 544 1090 
262 1132 1127 1822 500 
771 643 262 1132 1127 1822 500 
1132 321 237 800 1840 397 1841 1842 
1846 1847 463 758 1132 1848 1849 846 1631 1850 1823 1055 1851 1852 259 650 1853 1854 1855 1856 
1059 800 1132 704 6 317 680 
1132 1857 342 1858 259 1859 1738 1860 1861 1469 314 1862 1805 
1132 1863 694 1864 1687 
216 1865 1132 1806 1806 1806 358 216 1806 963 1806 1678 
1866 1867 1008 1132 634 
215 1132 1043 1813 1814 312 
297 84 1385 84 1132 2775 1639 1848 8909 2056 1051 2222 
752 1877 1878 1132 1879 548 62 869 1880 1881 851 675 1595 1882 1882 1455 
675 698 505 1883 521 1334 1132 1478 64 1884 1736 68 215 1270 1885 1478 1886 
802 1132 446 865 1132 
419 1735 1132 219 886 1887 107 1132 1228 
1888 1889 1518 501 1132 1890 262 1157 406 1891 1511 1892 583 535 1511 583 
1893 419 10 1132 953 903 55 1279 
1390 1902 1903 1904 1905 1906 351 1132 122 1907 491 1908 
1102 142 1910 1132 1208 728 1911 311 1911 1912 862 30 112 1793 1913 
1925 1926 1132 1553 1927 236 1325 1107 1780 1781 
1744 1743 419 1132 509 501 
1167 1929 1929 1550 1551 1132 1214 1215 293 19 1216 
707 1727 1028 771 1939 1132 1181 102 1932 1028 102 36 1933 1934 1337 
758 1132 398 969 
675 1132 107 
1132 758 1710 1709 1710 1132 758 1711 1712 1957 
1207 1340 940 823 1960 1961 1962 1963 479 
215 1277 771 211 1132 
573 1132 1330 1992 1993 1024 1005 1330 
627 556 288 1994 389 1995 423 1132 1132 1996 1970 326 1376 327 41 1997 1785 117 6 6 1376 327 773 326 1998 1999 
60 125 1131 1132 1133 284 1134 1135 1136 
344 287 358 1132 112 1184 2000 505 229 28 738 925 1007 344 
374 758 1132 398 969 
1847 463 758 1132 1848 1849 846 1631 1850 1823 1055 1851 1852 259 650 1853 1854 1855 1856 
1181 725 1132 1562 1281 1493 281 543 473 
215 1277 771 211 1132 
1914 215 10 1132 1693 98 1694 1028 1405 725 356 142 102 
758 1132 398 969 
215 1249 1132 5829 391 3040 4652 3781 186 372 
2015 1132 1752 1721 2016 1533 2017 2018 1610 2019 199 
1181 725 1132 1562 1281 1493 281 543 473 
1366 758 1132 398 969 
758 1132 398 969 
1734 1700 216 1132 344 1982 30 250 727 1983 704 66 1728 161 230 
2091 10 87 1186 1186 725 2092 10 1186 2045 1490 1186 
1835 105 2132 2132 722 
118 1308 390 
4 2112 118 123 855 1477 665 574 1069 41 55 1865 2252 442 28 2253 110 424 480 2 2254 161 2255 2256 41 574 1069 2257 2258 41 1140 
2321 6 1055 34 35 36 37 38 39 
2056 650 284 1055 10 5 5 2185 480 10 1055 10 57 10 202 128 1163 
479 1055 709 2294 87 10 33 2292 1887 2293 
2393 1748 709 567 665 344 2394 33 27 182 2395 629 231 1291 2395 2396 2391 2397 
4 389 2405 1099 1769 2405 1099 2190 774 567 824 2406 2190 655 198 236 
1396 2429 2429 2410 599 2410 1499 1444 2430 567 179 516 1396 2410 1758 2410 535 2431 716 1396 2432 774 987 
567 474 157 871 833 2451 2452 2453 41 1600 934 
1722 567 2050 659 2455 2455 2455 567 2455 2455 2455 2455 2455 24 
704 2473 479 567 479 987 2474 978 50 2473 
1264 2001 567 2476 2477 343 1567 653 1116 479 567 675 2326 260 2478 2479 2480 1189 2481 723 2482 
655 655 2505 567 205 171 1062 2506 200 171 768 1201 768 1201 5 94 404 768 
159 262 675 10 2690 1736 1311 1311 2652 1051 100 354 2652 
197 675 675 10 1793 2381 159 963 2730 48 1509 2 1051 1952 1924 30 111 
10 334 2767 334 41 1058 2599 675 305 2768 312 471 2769 19 1017 334 2769 423 2770 381 1017 
617 675 2103 863 10 2843 2844 2845 419 1461 
2858 2370 1189 2859 2599 17 2704 2860 1518 675 853 10 866 934 178 
501 1113 1113 1908 518 2097 3096 1874 646 3096 2357 
828 794 293 435 251 3027 706 247 
1135 293 435 251 3027 706 247 
3280 476 293 435 251 3027 706 247 
943 293 435 251 3027 706 247 
293 435 251 3027 706 247 
3298 1444 3262 293 435 251 3027 706 247 
1720 293 435 251 3027 706 247 
3395 439 293 435 251 3027 706 247 71 
680 254 205 264 680 680 700 
608 3956 3956 85 
1779 4235 4236 1230 1419 
436 1779 4235 4236 1230 1419 
1311 1241 4577 656 984 2518 30 1449 511 511 
2608 231 358 3617 
861 134 265 
4593 420 274 410 274 2537 395 4547 740 5005 
2201 1526 3814 886 18 5062 10 10 1912 
5090 266 3146 963 55 105 2027 6 1742 20 11 20 22 20 21 23 24 
2297 3790 622 3306 3558 1105 191 1048 
467 1376 
41 393 1986 1028 388 722 41 393 1986 1028 388 722 
474 1721 412 393 474 593 399 
554 670 1390 1957 1064 
654 670 1064 
5514 1888 4386 5515 2308 79 223 2683 5375 1933 2460 219 5365 1608 1435 2311 2010 1449 1610 2146 1291 2312 215 2313 2314 2315 
2492 1720 1366 1219 281 5126 1720 
889 343 139 304 889 5646 1652 268 349 889 13 
889 88 5631 
53 139 434 358 5679 1099 1007 2057 2016 889 312 260 238 
996 1009 712 771 446 447 1010 191 312 1011 
85 49 1009 712 771 446 447 1010 191 312 1011 
1106 1106 
3521 474 474 745 2810 1137 4222 
1893 1893 1893 3521 474 474 745 2810 1137 4222 
3521 474 474 745 2810 1137 4222 
5823 2711 491 5824 488 5164 518 799 1209 1136 312 52 
1303 1419 963 71 64 181 521 5825 186 
436 1807 659 52 1171 4468 1122 1854 2590 530 1121 5122 52 1230 93 41 43 4868 872 3810 1272 2789 
1177 52 1498 1311 1499 52 1177 
2751 3674 
659 1153 1553 436 1807 659 52 1171 530 1121 5122 52 1230 93 41 43 4868 872 3810 1272 2789 
5925 1296 848 3936 436 1807 659 52 1171 530 1121 5122 52 1230 93 41 43 4868 872 3810 1272 2789 
5878 1718 1365 1132 1123 1923 1923 
1520 847 5761 500 500 1598 1132 216 5009 545 5063 56 77 1725 751 751 216 731 1977 1055 709 880 
1132 
10 675 319 437 3255 2149 332 1783 1254 3896 
10 6086 6087 675 584 675 1514 38 424 288 1129 
122 1599 479 2608 1873 2608 554 2609 2101 1518 
6092 2011 675 5289 281 389 86 4059 2154 5054 281 1750 10 3572 3697 368 1279 
4043 5806 639 30 4043 5806 639 19 33 19 4043 5806 639 819 709 656 
2001 1712 774 1341 
1127 52 1127 1722 1127 1963 725 1122 6500 6500 10 2686 6501 1311 2686 
6365 463 3613 102 3613 1177 206 19 
1174 181 6277 4443 406 702 
583 3069 410 6763 215 75 1076 57 
3096 3271 5814 2547 215 1720 401 401 1511 634 202 
1520 3271 5814 401 401 1511 634 202 
3271 5814 2547 215 1720 401 401 1511 634 202 
1520 3271 5814 2547 215 1720 401 401 1511 634 202 
1490 5283 2778 1606 385 5283 7039 3477 2778 4705 293 5115 
393 
7154 712 2751 479 548 699 700 701 206 10 702 680 702 293 703 
1008 1008 1008 890 1008 479 1008 
599 489 7073 3907 86 599 
720 1082 489 720 4463 720 720 1323 2337 3067 164 3361 461 404 720 4463 
467 1106 410 1106 1106 1055 199 284 
4630 638 1127 3114 1616 84 871 
3088 1882 52 558 833 
1893 1573 2949 
84 1876 2610 249 1876 
330 
788 1075 
2032 1315 567 1316 1317 1318 1319 
1264 728 409 1135 811 562 811 1135 94 7303 1283 311 
410 3325 1662 7251 
1059 800 1132 7320 3254 
5814 1577 1132 1729 
1758 1132 420 410 52 740 1246 
1682 1132 3683 934 490 705 33 1935 1311 1876 
374 6600 1799 3687 412 1132 543 
1132 10 423 2585 1734 1700 423 1469 
5878 4042 1132 939 2032 234 1241 1241 1334 182 
2097 939 284 128 20 2018 705 705 1838 545 984 306 467 
1494 2112 787 3265 1208 3266 2338 802 27 301 2365 1208 1807 576 2409 1127 1739 2019 1625 301 705 
3057 7452 5174 786 1217 
475 293 435 251 3027 706 247 598 
5387 7471 293 435 251 3027 706 247 598 
293 435 251 3027 706 247 598 
3275 293 435 251 3027 706 247 598 
3300 3904 293 435 251 3027 706 247 598 
3334 34 
7542 2030 393 5338 766 766 2185 3697 7550 1137 645 326 5462 
393 7780 7542 1003 
788 1135 2371 2810 5338 3955 439 504 20 526 523 56 524 526 1333 1241 1277 393 
1511 3720 20 526 523 56 524 526 1333 1241 1277 393 
393 393 393 2618 679 2618 1769 2492 5296 388 2618 
7570 979 89 203 393 393 393 2618 679 2618 1769 2492 5296 388 2618 
413 2618 393 393 393 2618 679 2618 1769 2492 5296 388 2618 
7641 326 121 3154 
436 1511 553 3767 436 1459 1482 3875 329 115 115 55 716 
861 2177 2076 1501 1501 
82 2076 1501 1501 
2076 1501 1501 
82 82 2076 1501 1501 
1971 3160 409 1108 4 467 194 304 305 
393 2030 2030 7540 1386 389 3255 
3953 20 526 523 56 524 526 1333 1241 1277 393 
2001 1239 6914 392 2568 1243 853 420 2568 2568 1486 3098 1246 
1914 393 573 19 181 27 
570 1556 1640 52 414 87 1640 52 414 410 118 1551 1511 871 
1640 52 414 87 1640 52 414 410 118 1551 1511 871 
1470 1640 52 414 87 1640 52 414 410 118 1551 1511 871 
1556 161 2 28 1640 52 414 87 1640 52 414 410 118 1551 1511 871 
4189 1640 52 414 87 1640 52 414 410 118 1551 1511 871 
1640 52 414 87 1640 52 414 410 118 1551 1511 871 
5878 231 3537 1550 1640 52 414 87 1640 52 414 410 118 1551 1511 871 
215 5649 1640 52 414 87 1640 52 414 410 118 1551 1511 871 
1640 52 414 87 1640 52 414 410 118 1551 1511 871 
1682 3096 1640 52 414 87 1640 52 414 410 118 1551 1511 871 
1640 52 414 87 1640 52 414 410 118 1551 1511 871 
7826 389 1734 1469 709 1600 199 247 2185 2953 71 629 907 1734 1469 709 1600 199 247 
558 
696 219 1721 346 1721 3836 996 696 3896 2475 
753 281 2050 1457 3755 1963 
262 709 102 853 1108 709 1882 122 
1349 1281 5466 1124 709 102 853 1108 709 1882 122 
1494 323 270 502 323 
1363 82 2203 1641 3961 736 
188 6240 3014 1582 1727 4680 8062 8063 484 
1713 8069 1780 2422 8070 10 3551 751 389 853 1514 
3217 
1096 785 1881 311 1881 7530 5822 2360 408 853 1585 
1893 10 1349 2653 814 690 749 10 
7127 4033 735 4696 398 399 
794 1819 9 552 436 1279 1526 4388 4388 144 4388 1465 41 3908 2227 2654 281 
8142 7818 2256 343 1107 218 565 833 381 534 886 1980 3152 30 912 3728 75 986 
1293 399 4597 8151 1293 1293 155 412 1293 1293 2092 4597 8130 129 
7331 3606 1776 752 259 317 1776 1514 1938 462 462 
3298 1557 390 971 319 7282 6652 847 1209 1528 487 934 196 7386 196 210 252 250 
1077 41 2275 55 1077 4830 1099 479 722 2440 3383 569 2778 8198 96 2162 
636 5210 554 1388 5210 5186 66 285 5210 554 1388 5210 
3256 1376 3697 184 
861 8283 414 393 1119 202 861 202 393 8284 1388 727 8284 
660 2179 831 244 2694 2513 9 741 2440 8359 2539 1999 5077 1807 1628 3520 4107 885 311 2539 388 1646 1116 129 
4684 622 
3271 2656 7885 1678 84 3704 8361 606 2332 606 
1893 8372 1952 2315 63 
10 774 1150 126 
6360 2855 2018 8570 4395 4919 3476 94 6559 554 8571 3476 8367 4071 1696 3016 2621 5283 561 
30 1838 8572 4395 4919 4395 4919 679 285 1838 165 2833 831 857 165 2621 479 301 943 6688 4 6161 1556 459 218 2344 
532 139 3444 467 57 2092 4390 368 43 3482 1158 1323 2887 3482 8580 1923 
2698 2698 3599 6600 6600 7018 8583 4796 1241 
6501 3464 889 1157 1157 547 1770 1157 342 315 3280 8584 1193 705 
475 4959 7826 1349 
1349 986 986 
3161 2201 6628 8589 281 7577 1077 8590 634 5523 120 1641 5210 1498 11 1007 344 
219 1151 2981 1444 1293 1293 412 
474 219 1151 2981 1444 1293 1293 412 
794 348 
8612 3523 4730 319 707 281 3010 127 389 3830 876 88 3830 33 3450 
2713 2022 3781 4919 10 1303 1438 5673 2181 752 8617 3452 4564 1819 4564 1337 7443 1984 
1324 241 410 744 389 
3096 5112 448 2177 797 463 1602 
1579 385 463 
2798 1377 1581 1511 1030 202 518 265 2813 554 1123 374 404 3295 55 87 1277 206 
77 6781 3839 8622 605 5887 77 87 10 3298 7503 
536 474 622 622 3464 
1132 7967 420 410 52 740 1246 
4994 2218 8632 1330 1865 311 3297 216 8108 6090 1107 2259 10 215 284 311 
48 8635 680 254 680 254 462 48 833 254 55 3824 2625 1827 869 
1712 229 3482 1208 1107 833 
1598 
436 1641 436 8003 4788 1150 8641 767 1641 8641 963 95 3454 34 102 8642 803 1355 963 
10 10 556 320 1413 506 423 242 7745 4662 2536 1992 448 5970 738 448 740 
10 389 596 596 262 63 1614 2653 3007 
10 5246 1386 389 3255 
1666 4572 10 1435 3224 773 3224 1386 389 3255 
3843 744 725 508 10 1561 1386 389 3255 
216 358 1715 216 211 2649 558 558 558 1715 96 244 216 64 293 730 292 216 1260 1326 
8165 5293 
2863 1330 753 2555 553 84 953 1832 2457 1571 1571 
1330 1865 8666 467 1330 1865 311 84 1330 2980 241 1330 
1959 1330 311 84 1330 311 2980 241 1330 
311 84 1330 311 2980 241 1330 
5883 876 118 6647 693 487 118 2016 3591 105 863 891 814 
2777 1102 548 2777 259 4796 2777 30 2152 30 891 3290 2150 0 
77 84 1363 88 5719 2584 6087 707 2649 
2915 696 
744 53 2314 984 406 505 2314 2314 
1302 2096 925 3792 789 1970 
1269 5956 241 551 1638 505 2216 2218 2218 
1893 413 4446 4446 1388 6762 551 312 671 764 6483 311 4650 2292 
8704 1002 1002 
567 705 33 1333 5803 6799 1386 576 2362 2414 1623 41 1756 6799 387 2953 387 41 
1293 
6 7003 41 5173 6 4393 207 5818 5818 
8660 3928 412 
8707 144 794 414 414 414 1522 1522 437 3667 
5430 
558 3817 2471 865 75 
41 556 448 2205 853 1522 388 404 414 388 
216 3391 151 216 216 8713 216 8714 216 236 1803 
436 281 1643 547 3464 2653 170 241 
5231 1279 87 3021 400 690 1218 690 2317 1102 1920 3057 751 3519 4498 3900 1279 8464 406 216 
4446 5221 2182 5222 446 3280 1058 4054 273 5222 597 89 319 800 
479 8721 1953 281 6468 8722 
406 87 3564 554 554 554 3138 
3146 2030 1907 467 259 8724 
1770 2030 2030 1907 1770 
2030 1907 538 593 5430 3489 2653 77 1718 1722 6075 
1721 1076 694 304 346 553 1971 84 1434 3697 550 3697 833 932 1261 1127 796 461 8733 1722 
1198 
3272 3272 
306 2032 2831 33 760 2831 33 1135 1002 
588 875 4850 5259 86 86 1946 6713 4898 735 819 2653 819 
588 8749 1348 3537 1908 869 8750 1935 3790 1947 974 
344 262 663 939 6600 7422 1062 84 638 1981 6567 879 1065 8757 207 1193 972 1486 215 518 2 8594 
4441 6567 4 6743 879 4141 1252 1721 6607 48 1523 6266 8759 358 1341 2509 3184 
409 6201 87 292 4955 323 291 
948 3523 3523 925 8665 1803 940 2947 727 932 977 2792 2036 343 
1184 304 8767 4609 
8768 8769 1728 3540 1293 399 1728 3316 2029 1327 404 404 4001 3720 584 
690 716 116 690 716 6671 690 716 
2555 389 2555 491 399 474 2555 1234 2831 
550 551 2713 1241 551 2953 551 
436 814 814 814 8090 305 
1260 402 4614 3510 288 402 704 2769 
475 3534 1712 412 474 
82 1721 84 346 281 567 
285 
8420 2380 219 
8052 8052 3600 8052 3600 4546 8052 4546 8052 
2270 41 319 2150 983 1160 3959 8797 1064 508 1854 7565 161 835 442 
2680 1722 522 319 1102 319 4398 974 
1229 4894 
1229 716 716 234 716 2271 123 
8801 2114 
3810 4766 8140 4457 1338 826 1311 213 5502 3810 4766 8140 4457 1338 826 1311 213 5502 
1396 705 10 705 5683 2683 96 6 705 1396 5713 388 3795 3795 7577 705 2242 
111 995 116 2006 1641 2706 1107 55 853 84 
281 4296 745 5963 156 242 
1124 147 1818 221 2696 388 2308 570 90 98 442 3137 393 388 661 2578 2437 186 1279 
221 2771 2696 5826 833 215 
3350 544 1334 161 292 784 215 1227 
6805 262 1509 1509 2 3762 2113 253 1509 
1349 1121 
4337 5966 4824 505 84 975 3824 
221 358 479 1330 221 3464 1082 221 1082 5831 423 705 704 479 681 705 
4986 
3534 7790 319 
512 8905 5157 88 1078 221 2177 592 3510 318 863 3588 7324 8906 697 3094 2475 
1638 1871 27 5010 1871 27 
3822 1758 1281 707 1459 1072 774 4103 122 758 3045 4103 245 414 2344 6947 1572 727 3995 4103 
4059 1108 794 794 2222 200 111 
33 907 5126 940 5691 2113 833 2113 833 5691 491 4968 293 2911 
355 1449 4118 1099 1221 1075 3879 592 
1734 1269 8756 49 4 5061 161 940 7967 467 
409 1818 1284 199 
82 83 4796 735 8944 4958 1168 3271 
37 3659 382 166 
3468 423 429 220 221 222 223 147 142 224 225 112 226 
10 4446 3537 410 1333 
4446 5692 995 6618 2032 262 84 
501 2683 1494 9007 1193 268 1000 87 1333 
573 1434 1311 6098 7335 6189 215 869 3318 181 164 3318 869 181 292 2687 2937 1424 3318 3318 2699 
50 934 7570 4754 9037 50 3650 132 374 2114 
393 41 1008 332 
437 171 740 1311 573 10 
389 620 3335 6142 6098 410 7503 753 1099 1945 
578 614 4796 370 5731 2383 761 7065 1700 6275 62 2227 1960 7320 204 578 
87 5817 4153 
4059 1971 5212 2448 2448 2448 9132 103 6477 6477 2448 6477 619 874 1827 5964 2297 
939 939 102 2371 1741 8622 388 8198 939 
1533 2089 4 744 2089 87 
6894 2115 10 125 10 833 582 774 756 86 4499 2667 727 6554 
3094 1707 3840 3537 3537 3840 4340 641 406 
753 2089 2089 2089 3869 
2146 9169 774 1876 166 1303 4052 
861 334 728 716 3476 9173 4546 5812 4546 5812 4819 7039 786 
399 751 1963 479 3798 1062 1062 1333 716 
910 344 389 1261 547 547 707 344 9185 292 253 740 253 751 
9191 2219 1598 1951 512 2219 1598 1517 727 1517 8005 292 534 3352 2096 925 2808 931 727 567 1781 2314 727 2256 
474 343 3586 493 3805 
4446 4446 144 1827 3953 1262 9197 3833 1262 4446 8784 9198 
5359 262 2127 794 475 
1787 319 587 125 3279 319 2030 824 6316 7004 2701 
3506 4304 3419 3915 1595 
3816 314 
1602 4684 6486 2034 1269 586 7020 
2498 417 816 417 
2249 6600 144 144 144 144 4388 
2697 8221 1444 1521 553 556 553 556 493 9251 385 2432 437 5671 4944 9252 1545 2953 9253 1723 174 6463 493 493 1025 
543 2819 3896 3896 314 2006 
8669 1219 41 55 122 216 1330 1490 9278 1854 241 1861 282 3271 
2501 2869 1893 771 1240 467 771 467 216 7218 6483 2362 41 87 3521 869 532 544 1757 3302 771 
3312 281 805 8046 3312 3312 3501 304 412 346 281 
7686 1258 2371 344 312 306 7686 
6863 550 2109 71 5009 865 685 5009 
215 3444 871 51 720 1260 7103 27 1421 56 1201 757 740 
86 1855 346 
794 161 117 33 33 1264 284 5817 734 387 2092 483 206 837 1396 87 
833 241 10 544 4779 
3074 1150 301 394 716 307 140 250 301 1239 301 
752 1433 2114 5738 5311 
1179 1722 5057 3833 825 1179 669 3183 984 1734 
436 43 1008 382 82 82 
3118 219 4998 436 43 1008 382 82 
1985 1269 3273 4999 3650 
66 1728 213 206 213 996 52 1047 10 1752 9375 6053 
2599 3142 270 1470 521 8340 1743 215 10 112 10 7876 10 
2083 28 2016 733 1620 273 1620 34 1665 315 
4873 1693 1693 
832 479 1514 853 222 389 2179 1311 1153 9396 165 5826 345 
1266 5448 1293 1293 
5212 2475 1793 2798 5816 
5657 247 
3203 358 6852 84 281 5502 87 543 3565 9414 33 3945 
910 3254 
1660 742 794 
3253 6652 1302 6749 2016 13 215 532 1107 2093 343 2381 319 34 34 77 
325 3908 410 446 
2032 7556 630 1102 1750 6931 753 5925 7876 377 3102 6711 9459 1208 
1419 399 
4103 1342 3800 159 9485 
439 467 158 439 3600 9488 9489 2769 1873 798 439 3710 439 525 439 4895 2778 1024 439 450 
1366 1366 1858 610 4037 934 7493 2484 390 454 319 57 987 1229 186 671 785 3588 51 298 671 84 
663 200 3479 
215 87 3203 10 479 4249 489 479 215 1616 1240 5059 8320 
27 281 
3759 27 10 622 3759 814 590 2341 1918 
3898 1046 1269 180 381 4653 301 301 166 716 301 716 301 479 
2185 2918 2918 5157 7964 1838 3329 
5587 722 5587 2391 416 4185 2391 4185 2391 301 3370 2391 4120 
34 1064 1327 816 2108 295 874 1114 1100 1008 1100 1008 234 1008 
1442 
33 3539 1721 476 476 2011 581 520 1187 
7483 932 2354 
215 343 1339 921 314 295 7126 3018 4262 2106 5521 1003 297 565 920 4220 315 8942 
8702 4059 27 581 802 1713 399 
417 7339 7339 7339 2198 7339 3099 663 467 155 3824 1616 1947 
3350 2761 504 4373 491 979 1266 1033 3458 511 416 1051 951 6246 
6661 436 2389 5650 436 281 1099 2483 2483 5650 
1715 181 216 1806 1715 1715 241 216 293 241 1806 
1899 5 264 5695 784 1486 2101 2016 2016 
1567 548 427 
3537 728 531 1936 88 1334 
3720 1803 9680 89 531 728 531 1936 1334 
847 4330 993 2126 9178 9704 532 3824 3824 95 1844 3303 1234 9705 112 88 1258 
993 2126 9178 9704 532 3824 3824 95 1844 3303 1234 9705 112 88 1258 
3096 5534 936 1571 215 5534 1208 1208 3829 3829 3829 833 51 
939 7494 1907 2472 1638 1526 318 105 814 4981 382 
3275 679 3216 867 1193 
174 934 4135 3645 4668 7 312 281 
1050 6718 27 1050 1050 
2191 6 27 44 1283 1806 216 5157 2671 833 9741 111 216 4062 1244 3254 2840 
1069 2704 1226 6678 1302 2012 8603 1143 8013 5421 4630 215 
1758 389 9780 2484 1330 3254 1192 
1758 1330 507 558 267 6400 1076 3718 3886 1330 1462 1330 281 
140 166 
439 9783 4446 
3727 925 8339 6058 262 1657 87 87 293 281 2322 131 
1557 792 
417 940 84 671 2975 493 7720 7602 307 873 9799 2733 491 404 1305 5599 1030 
219 717 717 717 717 940 735 219 940 717 707 708 717 544 8897 
436 1108 5654 436 
617 794 
1217 206 1550 4703 388 7308 6224 143 6026 1467 409 11 1344 388 2181 5964 3479 7539 
5925 144 5956 144 1349 144 7290 2736 144 1359 8011 768 
903 1581 403 855 6090 410 410 112 6992 205 479 123 284 1120 853 463 403 102 
2108 2720 6701 921 709 10 650 53 1881 1398 679 10 2 752 314 5777 5778 112 8327 2452 314 2115 86 4499 2937 88 767 458 
474 6394 3657 2840 3899 2232 2764 131 2066 3794 3013 
2831 940 901 5222 1364 329 613 1392 318 
4708 2489 5283 979 9400 102 4333 4281 4779 2916 852 9478 
581 2119 2229 4455 8583 581 4087 3697 1241 979 
788 329 8350 556 598 1091 1920 96 4820 1311 1089 1600 1193 1089 1763 1838 819 545 1750 8315 
3402 491 8887 3306 1635 2434 982 2434 4435 833 
5878 1106 311 3956 52 52 96 1201 
1630 2764 1888 84 3245 650 3245 650 1469 380 98 539 3325 1682 1230 9933 
996 474 1165 663 529 996 3645 3622 127 184 6344 1234 4029 2478 2478 
9955 8552 8043 2030 264 
3530 753 189 3287 
1291 2892 1093 511 1046 2755 41 55 3423 41 5028 1509 423 6474 172 5288 4348 298 5288 494 
521 155 3074 1279 
7615 447 474 5634 1002 399 7046 
7690 188 1258 853 5044 334 2298 3348 2298 
1189 727 788 1311 2933 1189 4141 682 1970 886 202 202 3740 1053 886 2185 2518 
10011 574 758 645 1449 409 319 758 797 2779 3665 409 10012 7539 409 344 
3256 3256 5167 5167 1302 1302 4652 934 934 1076 934 
476 593 
6604 551 542 206 1722 1948 
5806 2840 1897 7526 6 984 5806 5806 87 751 250 358 704 4779 
41 224 3308 643 567 650 1522 388 404 414 388 
5095 804 4271 2536 1479 29 2297 2141 4622 1505 799 116 1079 3211 1008 6653 3211 1008 7757 
799 3138 1386 1578 41 48 1522 1680 1522 96 1276 388 1822 
1716 149 
1716 1522 388 404 414 388 
3254 1980 9918 1177 10033 
442 5691 293 1923 343 8110 758 2953 319 1005 28 327 
3184 926 41 3464 66 48 693 7347 1340 
27 329 5221 1354 1266 765 2958 1028 4443 1347 1028 864 10040 3167 
1638 1720 585 833 2763 
1261 
1313 6105 2844 6105 1406 10043 75 766 
2730 4613 390 488 4228 705 650 2083 268 6302 4165 
8051 8051 10047 8051 1181 7342 
1403 285 2872 1396 1396 1396 4387 319 940 1971 37 2200 319 319 1396 
2577 9559 976 3562 50 3155 738 3155 
1099 5634 
2032 1550 1376 1437 1030 3953 5497 281 6486 1640 28 562 867 281 487 1718 84 5287 
487 188 84 1322 667 487 241 3012 96 3288 1819 1313 
3687 53 7205 487 1819 117 3899 7330 2555 459 2369 1768 4441 5189 
56 5516 
436 285 1722 1807 2149 1339 166 5667 6197 1339 814 2017 2017 2017 
27 2247 4703 388 7308 7308 285 393 285 
586 784 3458 1945 797 794 
1303 4033 84 7654 323 7654 4033 565 1870 3370 1227 1303 4033 323 292 7654 
8990 311 10093 2137 1648 
1437 479 3717 5009 406 2525 2642 406 1838 3636 1838 2017 544 833 381 774 
5156 10113 1721 1293 1002 2831 
1329 1064 84 1135 219 219 2371 2000 2736 978 1795 4271 15 7407 
2032 221 2909 1388 1643 721 
3271 131 7358 4630 1352 476 697 
4446 5730 4720 1193 29 3184 3029 620 1058 418 3652 9780 2668 2901 
4611 1975 1177 6579 3464 4155 4539 10133 2778 285 2997 865 1338 1396 403 13 1434 
794 1476 638 122 620 1150 102 2381 925 9759 8130 3859 184 326 1935 212 269 797 
620 1150 102 2381 925 9759 8130 3859 184 326 1935 212 269 797 
583 3953 2285 2090 1490 
2911 3891 
1795 1795 8703 1240 
410 7308 1353 518 1030 7992 410 409 2350 7992 1612 
1096 7826 471 410 7308 1353 518 1030 7992 410 409 2350 7992 1612 
1712 816 
816 
3256 3256 1827 5433 4888 4319 690 7770 3591 3243 1990 2624 925 
2677 2885 332 1069 337 625 2595 2096 4261 800 1638 5645 
5974 753 399 5974 7690 1293 1293 1293 474 474 993 1374 6161 2232 
436 236 5270 1239 7183 3976 329 
4836 2162 2204 2 476 7167 1770 4258 5035 
4836 2162 1028 239 2204 2 476 7167 1770 4258 5035 
4092 1360 2365 474 344 4487 1738 2644 1007 
3387 8915 
1893 620 1349 978 1338 1311 
7430 1363 1302 1643 1762 351 1182 1827 
3626 2712 3626 
475 5430 3563 417 562 2364 1266 229 
82 2429 1112 417 1363 166 
459 802 2108 610 1805 2826 3173 1096 4434 2099 1556 2079 1871 2795 191 2020 
1752 8548 281 3351 1585 3537 161 161 3189 410 
84 215 382 7428 1100 441 3271 56 
804 833 9490 852 558 3476 833 753 1914 558 
833 9490 852 558 3476 833 753 1914 558 
1641 1662 1616 716 3079 1509 1240 1263 
2165 474 2795 
1929 4237 545 2711 24 704 804 4279 4279 786 880 2807 5452 
120 474 412 1002 1713 
4059 1648 
475 620 2066 879 319 544 2123 9 6931 3461 13 620 758 735 998 4198 3940 1761 3940 
216 1865 8102 1184 338 1217 2840 8572 
7435 215 406 3349 5283 298 925 708 298 270 800 5283 
85 1419 2925 
1556 216 771 1912 1806 2177 771 722 87 532 884 847 5375 771 
567 86 7646 3645 1010 265 1049 840 298 940 406 
7413 206 3530 
1075 19 1075 1075 
1720 4516 463 459 13 
281 1682 1682 1376 6178 879 319 1243 797 1554 10358 
1682 1376 6178 879 319 1243 797 1554 10358 
1914 2879 8085 675 707 5691 293 3859 2366 1434 4487 
323 2466 2222 569 230 230 56 2264 1740 592 292 9443 2177 788 218 
2786 662 722 10 284 925 10 5098 2773 98 1740 2751 1028 1977 511 2751 
1327 5004 2786 662 722 10 284 925 10 5098 2773 98 1740 2751 1028 1977 511 2751 
4802 4523 10 1523 495 259 285 307 5079 2668 
206 2731 84 963 2109 318 116 903 3067 782 814 
218 4213 2599 10 1755 751 
446 2090 323 346 3094 
2883 8213 8213 6763 2664 6099 2603 8909 3019 1727 6474 2185 1051 3412 2591 2182 19 2355 792 3205 3327 10415 4631 1024 1274 
4059 462 1975 462 2185 547 28 1246 2656 4945 
170 3492 170 3492 170 3492 170 3492 
140 4121 544 1193 995 3851 215 963 8239 8239 3464 1844 
202 4405 521 1284 1563 824 1518 824 824 10 992 1807 1518 992 247 4487 
37 423 230 10428 161 2000 161 10429 6795 161 1815 6706 161 354 161 1026 161 161 8484 161 161 1795 161 7821 161 484 161 
3021 30 10 3919 622 8489 216 8271 8270 
125 273 125 161 2177 3074 273 273 671 1500 9811 207 202 1118 4150 6150 
9 1429 1638 445 1338 5276 5370 4815 64 1008 2119 1008 259 3135 55 55 741 2292 
4436 3130 
663 3687 91 
1500 7942 1386 7008 7942 370 7942 1390 2473 650 874 1768 794 1807 2551 5817 1386 2551 5817 3117 
89 215 529 86 215 234 
304 2475 5964 1240 10342 1024 833 2518 410 1240 
1313 1313 592 297 592 758 
2194 1970 9130 3562 351 1638 319 10488 82 1056 2194 9485 311 2440 
2066 1293 1293 1293 1293 1293 1293 474 474 474 474 
1771 1807 794 996 
788 4541 141 4286 948 
161 1805 2826 1906 491 4001 939 650 1165 1107 207 1721 215 
505 504 2582 619 794 842 87 796 296 479 
84 2295 141 7062 4853 141 2295 4853 141 88 2295 1913 
586 794 4263 
8164 3687 3346 1712 
10 586 285 1056 1056 
1743 10 586 285 1056 1056 
27 27 358 27 77 219 3565 84 159 77 
319 6443 1567 96 1357 786 616 2644 616 5474 102 1821 3015 2203 2644 
110 1108 467 467 3161 2448 436 
995 570 1311 7566 1108 467 3161 2448 436 
1893 1311 2938 1674 112 409 242 6788 
1640 268 268 2314 2314 822 822 10173 1871 
738 705 
1091 811 2285 1091 
8846 467 3471 105 186 10 368 
2137 10625 4515 13 117 623 1062 259 199 1254 118 484 523 88 10 657 9831 1164 86 307 3523 
1470 3160 10626 1279 10627 370 2172 1193 
122 2654 2396 1031 122 56 170 6087 1682 4539 56 1201 10628 
87 3439 57 2470 874 6027 6316 1854 1854 2597 1678 
491 4680 2654 5514 607 491 10593 654 1386 1228 1959 4680 2654 5514 6571 4680 7065 
7946 1228 1959 4680 2654 5514 6571 4680 7065 
1163 3917 1163 564 840 564 
861 788 753 753 7033 861 232 833 
94 404 10679 420 1095 6612 410 1095 6612 391 5210 768 
5126 3279 270 1102 770 358 797 1645 247 3121 7492 
3464 7556 2858 2030 1819 2032 2030 2032 2030 436 1819 2032 2030 1819 
436 3485 27 794 3403 101 962 1917 5144 3953 
284 284 1510 8130 10 284 10 5702 53 284 1091 2953 3355 
337 110 1353 241 230 10 
725 2115 27 3118 1500 622 329 3657 4158 304 2256 77 1820 188 968 3896 3896 
5004 
894 8331 5023 6342 2010 539 8331 9036 
1512 539 539 1470 1773 630 392 532 51 675 96 532 1681 3756 
3521 1396 301 1357 293 259 
6475 1381 6343 7354 1598 
461 1150 1017 665 
3899 117 285 5052 304 368 241 
992 247 4441 1708 87 6437 247 1708 
8266 
155 114 416 606 1645 650 293 416 416 3284 
4708 216 518 558 1893 216 948 
358 241 786 224 282 6209 
518 1888 191 3588 1007 7 10738 10 10738 169 
3956 1330 1330 208 94 6610 1266 281 800 311 3482 358 208 3116 1613 1120 5795 
1160 1160 215 86 2438 
2872 543 879 2030 3380 3380 2398 1396 87 709 776 823 1077 2492 547 1396 
243 953 145 833 833 1718 2011 1099 10753 
4786 203 
4052 
428 368 606 804 544 1429 1533 
4338 
1599 7619 7619 27 
191 10520 2301 1302 1517 168 6648 6648 10775 3419 3464 2492 4643 4 3896 1392 319 
312 219 196 7386 196 210 252 250 
939 1260 925 311 4359 3795 2067 
1166 30 1075 248 
2547 9958 8026 436 298 370 950 86 5553 436 37 3899 2096 5344 
7433 1379 5551 2047 751 5869 2553 2 117 2553 
10805 
4464 2275 9 953 6260 3871 741 871 210 1260 284 3966 94 246 94 2007 3993 
3537 231 117 8596 8596 3637 6318 1660 
3217 934 3217 
1758 1803 1325 9049 102 284 10 1928 1189 98 409 4843 409 88 139 1281 
3537 1752 7404 1557 560 1396 
2285 1091 
505 180 180 653 250 3043 161 1413 250 3667 1040 
794 5925 53 788 654 2878 5206 643 495 6861 3 475 
1168 486 1327 486 358 1327 390 2168 1322 1829 1327 
1893 804 435 2249 4508 11 8030 
771 7479 1383 2314 7139 323 7211 281 4319 690 7770 3591 3243 1990 2624 925 
771 4319 690 7770 3591 3243 1990 2624 925 
262 771 4319 690 7770 3591 3243 1990 2624 925 
3096 4319 690 7770 3591 3243 1990 2624 925 
82 262 771 4319 690 7770 3591 3243 1990 2624 925 
262 771 4319 690 7770 3591 3243 1990 2624 925 
794 87 5157 3498 131 131 3353 
496 
89 319 18 1382 3096 84 518 1030 467 393 393 414 102 3096 
479 1712 1284 386 1023 1355 2150 838 390 330 13 330 503 
82 3767 203 1142 3767 799 4601 10 1701 
2874 
9132 67 496 9132 9132 27 
6713 7139 202 2445 1500 6713 10 55 3254 82 3254 10310 82 3254 82 83 3254 11490 203 4701 
63 102 6218 8111 3532 238 180 4117 2190 539 10025 590 27 123 5956 1209 727 
7892 262 4971 3985 2547 955 5238 3899 2379 551 8218 419 8910 2647 
2177 1107 1756 709 5757 48 2653 269 1107 30 6077 204 5824 1769 3473 166 2222 3175 
281 34 4446 4446 4438 10 
6805 3537 823 2795 1142 1807 3102 755 198 4589 
84 797 669 524 1912 10 
206 7854 8441 3352 1857 295 2847 8475 3781 86 1261 6320 60 2496 273 6894 
1686 448 1181 390 620 344 448 620 2105 6 48 10021 3834 9163 448 
675 2028 2917 2582 1129 243 2917 2917 751 8101 716 5364 63 2764 814 91 63 518 91 500 2917 205 794 
719 199 741 741 2107 1333 690 141 456 
799 7350 1752 2357 5186 1839 1640 122 1995 5845 2314 9262 3102 2135 9304 2869 1807 2413 11532 5088 
6191 5215 3021 344 1305 492 590 8431 
1682 3440 7878 1942 127 1799 1700 1188 823 127 552 127 7173 11535 2196 1220 442 2889 2659 1551 987 988 2660 33 123 2438 4451 174 6176 2577 
521 223 857 553 388 129 401 7352 41 726 410 414 284 388 727 
298 311 2747 754 3644 1164 722 654 10691 1186 
1396 393 1396 1700 202 2362 
7728 3667 2182 7537 508 393 4973 304 2537 206 10 
4059 586 4059 550 3875 4059 8394 
6633 1311 2518 377 5662 344 804 142 187 215 2337 
1234 6687 338 338 704 388 704 388 241 24 2336 1024 388 
8349 1779 1030 487 1231 1829 2653 5259 2907 11574 206 467 4815 3 10460 95 1682 307 
1053 269 341 562 3717 
4446 4446 19 293 
633 651 10 251 251 3158 3158 3158 231 205 41 2010 1062 434 2185 392 27 
4135 544 389 4403 3904 389 
4467 1574 1385 475 1730 543 4455 281 281 143 
3046 1807 1099 1833 7835 1641 403 2447 384 479 276 1298 2089 1103 1641 1170 10 1938 7996 
794 
4138 166 166 1517 2141 4980 6345 4138 166 3059 4338 
3537 3970 446 990 3168 6240 1245 
1602 2437 216 216 358 1806 216 252 558 558 558 10 
823 393 823 1511 1062 4446 410 1473 1384 
84 4387 378 2012 1304 
3562 655 
7294 2810 52 1497 1477 52 414 9 2108 52 7294 231 1106 231 1109 1106 231 1277 1127 569 
7294 2810 52 1497 1477 52 414 9 2108 52 7294 1511 1186 1521 52 1511 1186 1521 52 1477 2584 
52 1497 1477 52 414 9 2108 52 52 7294 7294 2810 7294 2810 52 1497 1477 7294 
3950 543 6664 744 3231 2050 1711 1489 10 
1284 248 27 129 
1718 3464 5773 3907 326 1984 202 218 4589 968 326 2478 165 345 
2520 2520 1241 98 4636 2520 2520 3546 419 98 
925 521 479 4580 3168 3160 479 479 
7771 1550 264 2029 11611 4039 96 744 8705 735 
304 1421 2864 1119 486 311 2947 3086 351 311 1043 709 0 30 102 2018 5164 735 404 11612 406 383 4501 
520 27 1349 2775 2032 2775 2775 548 3017 2860 2591 178 9248 123 1803 2591 2704 2653 
1099 2677 1064 1682 940 607 10 2623 1376 
940 285 127 198 2381 
4516 3537 89 6021 11633 558 
1722 3283 3343 2707 56 786 1390 3981 1756 2176 1224 
548 571 250 2918 655 160 118 334 5069 334 118 312 
1716 1411 475 1865 123 1242 799 410 
8449 3203 2018 2024 1595 393 344 219 833 1464 84 1808 6600 
3717 3717 657 3717 1829 358 3717 
3464 1119 1095 229 667 3786 503 1396 
1845 811 1396 10949 1845 811 
3961 
1741 334 4358 1600 877 1705 2201 2201 1398 
1705 89 1150 1738 592 30 1469 6161 103 1738 
1408 1311 720 2804 2586 1181 2097 159 
475 1363 4050 326 
4050 120 2822 346 87 120 2822 1363 
144 8707 4446 1498 10 657 5305 5964 9636 1068 5305 5305 
995 165 1354 5034 1354 1354 1354 524 1354 592 2220 1509 925 2743 609 11671 
491 679 128 4998 172 1438 505 505 504 505 166 4288 11672 376 19 
1821 1964 2937 30 4403 1256 181 2474 2166 9972 690 5470 2937 2787 7853 219 766 1256 1791 3037 215 2219 3790 277 
5761 187 8446 
7294 2810 52 1497 1477 52 414 9 2108 52 7294 1201 423 118 2537 1106 52 1201 
2572 1880 1976 7083 707 5375 1398 6087 42 6483 1349 11682 3870 372 1349 3870 1113 1349 11683 1349 1349 1349 1349 11684 
4199 2668 4474 547 767 3519 174 345 539 539 102 693 
775 88 11463 3057 
407 620 60 483 9951 1469 1551 400 312 
1164 7556 823 374 5259 7499 410 410 
487 10989 10989 3605 249 
544 544 434 264 1871 2528 800 671 231 2528 800 544 264 1871 
646 2835 646 252 1433 252 
4696 165 329 1266 6491 319 338 5408 4794 2036 
104 935 287 5250 4446 816 5250 125 1228 2810 4046 
612 155 1899 155 1119 410 741 1424 2736 5 2349 1701 3458 
27 505 833 241 1354 547 293 2290 428 121 1870 977 326 988 612 2478 
1998 559 232 559 268 2991 164 819 243 547 1099 6024 2920 215 30 
410 2034 1536 1749 48 1749 410 410 539 521 549 4873 187 1337 
8052 8052 8052 
4115 1327 346 696 3833 63 2291 
1077 296 343 920 343 3135 565 2154 247 936 1724 
921 2481 725 725 
2115 5799 4180 3698 301 247 4 1208 2155 
3805 3831 1095 3248 5927 2487 2446 11738 
2357 2357 2357 2357 1311 11402 2357 1165 2357 1403 10 88 10 
125 1024 4766 1950 6820 3164 835 273 898 645 2959 921 2163 273 
1556 244 884 802 663 10475 467 705 5517 
4979 757 800 3331 
2452 523 281 
3821 6647 458 3081 281 3537 5293 9093 27 4059 
1330 2104 2388 2991 2066 559 2179 3523 86 707 763 86 1845 314 7846 1727 4434 8892 432 6302 3379 
412 231 1959 1959 2030 2076 1717 4894 3696 2448 1959 
87 1269 165 1708 86 123 117 1127 2624 75 
567 1556 726 102 230 567 709 1812 417 181 10 1062 5340 518 709 518 1736 1470 9706 293 1269 8465 818 
57 8380 312 2778 1325 3538 772 159 1058 889 10 403 82 43 382 1008 3302 84 
2843 1306 206 2864 1302 2541 467 207 84 2401 3711 3312 
824 4462 202 1602 1734 203 202 2108 202 1734 41 518 799 555 1469 41 2270 139 853 1773 824 824 5310 87 824 736 202 2108 202 
123 1616 5310 123 41 799 1454 665 277 41 2270 
3537 34 1981 2738 619 8341 1274 3457 1693 2657 951 131 2294 1693 9434 611 
684 86 413 956 1713 436 5720 646 479 2203 1023 53 
3086 909 2697 3613 10 11792 358 
2011 1417 932 86 4059 11794 2137 573 86 86 
2877 5426 2473 2877 1241 2386 216 216 1630 27 417 417 216 216 216 216 216 216 
436 794 1983 1132 
8479 11800 6544 1970 1068 3537 8239 580 281 1347 281 1729 739 
1396 553 312 1396 3668 1168 87 4059 3537 7522 
1229 544 738 151 3360 3476 2157 1464 3306 
3589 899 7460 2412 1379 3589 899 1127 334 899 1108 334 899 
27 387 259 1396 735 2764 2764 6097 186 10584 387 
1245 165 5817 344 5817 55 205 41 311 2764 6091 5817 71 6091 799 41 925 71 9046 
3372 3506 674 
82 241 1327 1260 404 881 301 5815 2990 939 2772 8558 4382 301 721 
374 662 1863 292 1782 3631 6063 1386 662 662 662 99 952 952 
3331 1477 273 1241 1620 617 1245 2371 
1462 
1480 705 1107 782 139 102 1722 735 215 
12 11809 2599 4657 
161 2127 6415 1346 9941 51 
1127 5817 6773 262 129 5052 403 389 10849 122 5507 11814 4788 
82 4462 972 1975 87 4462 202 972 1975 1239 4462 202 580 1284 2552 857 11817 554 87 
1585 617 805 1529 3085 690 2066 671 3810 2028 4803 264 650 127 1585 3482 3021 690 357 2050 2066 2314 2050 
1438 311 3102 2050 9 1130 984 3102 1592 505 
1449 1449 1007 251 2625 87 10 476 2565 
474 474 
6773 690 2438 690 6857 5126 5126 3941 380 690 2224 1333 3042 2370 774 206 817 1333 63 1305 87 
1640 216 216 963 
381 3173 311 3173 63 10 1838 833 320 11827 1698 10037 382 34 7322 199 34 3173 3630 381 1122 382 
401 3189 11829 3720 11830 2556 202 1065 5341 3387 3380 4665 3380 34 3387 
87 330 1191 1615 1459 4130 1437 320 1208 
387 67 5088 284 10 215 874 874 874 71 6084 3057 1526 3997 
10 2953 30 1385 409 30 41 1786 690 9585 1928 2201 1686 680 462 
237 726 11778 2764 423 1803 273 49 423 3385 1072 1727 1441 505 232 329 4242 2204 
2032 726 1349 2547 5308 2570 1427 1608 386 5964 2091 768 
3457 3457 6992 5115 2582 1224 11463 6231 6416 1058 87 
15 2541 1529 816 33 8035 127 925 7066 3831 833 2541 9210 9210 
1931 463 4106 11566 10 2437 404 1748 2886 112 1095 463 11840 206 2968 1385 4397 1120 618 1124 
479 7435 2915 156 4766 156 270 758 1279 
159 219 2040 3102 704 1999 96 1643 112 3896 
1365 412 3823 11120 8587 942 374 10962 979 1586 3867 819 1354 344 9770 
412 3823 11120 8587 942 374 10962 979 1586 3867 819 1354 344 9770 
378 738 1074 1074 6240 1267 920 3288 1135 6240 934 
27 1557 558 345 6531 188 
1266 87 1832 34 994 1923 352 787 4028 3944 117 
1520 899 544 4621 2598 4621 544 1276 544 3086 1832 37 1176 
5380 442 2394 161 552 4913 1782 1780 5342 6 707 387 1865 33 1348 3756 8348 1348 1687 1055 33 5275 1856 123 
3217 894 11624 3623 894 3821 894 11624 3623 894 3821 
505 1024 8798 95 2410 
3973 288 288 381 30 2763 879 2525 55 4528 3698 1157 4355 4888 1065 232 
1682 526 393 414 606 2555 110 389 388 
3096 1193 393 1396 567 110 389 388 8284 526 3961 5257 393 
736 96 96 741 385 484 1722 
5122 2937 4 773 3279 1947 
2032 4561 3687 3537 774 4561 3537 4561 
1807 446 5001 436 1293 1293 1501 7808 158 2769 534 1177 
1864 78 5410 1313 1462 319 381 306 33 5551 294 2910 8964 311 
573 419 4052 1313 1721 1354 1354 3523 587 
5143 2563 6405 3765 6405 
879 284 2597 311 5408 284 586 1721 1394 685 
1554 407 2750 4541 180 1003 651 6317 10 5062 705 1118 2366 292 268 
8548 3856 1533 
123 9667 2609 5763 1354 1072 3471 1192 
147 372 
4740 4740 4740 1827 161 1827 4237 1433 89 680 2534 
281 188 140 4902 1102 4273 816 188 1981 11870 311 1376 
1464 987 2518 2134 5259 
3767 1686 7890 8609 1160 1982 2939 
1470 521 2292 1730 96 2509 2509 5 5 5743 2950 2509 392 41 5020 
1207 7279 52 44 1207 1233 55 1147 
301 301 479 9655 1349 8070 
4121 7677 2798 2310 2537 8479 358 2 538 1782 1291 538 1291 1291 5259 1779 677 446 215 2 404 824 15 459 2623 7730 963 2623 1769 5259 
10 360 6465 2892 1578 2502 2967 
149 186 149 1226 
2052 10210 215 407 5105 1752 1752 1311 
144 
2771 3001 2492 3480 1553 27 9 722 5587 77 4457 7398 390 1175 149 1739 330 2322 1119 463 2322 389 4602 370 1739 463 3617 1409 2270 479 1754 
1981 374 2683 1517 1947 1253 1253 1253 7946 1253 1799 581 
3821 619 3987 
458 2401 6058 925 
7299 140 943 774 7299 650 125 5682 3402 3638 2557 3841 2557 1616 1351 2654 6600 734 3402 10 
995 1438 650 1511 3402 2495 774 7299 650 125 5682 3402 2557 3841 2557 1616 1351 2654 6600 734 3402 10 
492 462 774 974 3762 939 567 274 491 6628 899 311 3328 1247 11004 11888 987 3179 
974 3762 939 567 274 491 6628 899 311 3328 1247 11004 11888 987 3179 
329 788 319 27 4576 215 1459 3042 2052 311 94 
123 3569 511 2017 544 171 
4932 1234 861 6018 650 1549 219 7472 538 1908 6520 2461 5107 1386 2449 215 1803 
897 8908 11098 4889 569 5122 2 11098 3327 206 10 
10 1839 1718 1396 1417 386 9 946 
1743 13 293 784 155 161 
11807 11808 3761 203 1242 203 1476 
210 5778 1750 816 2268 5185 3315 4058 7029 6958 1323 5778 
5778 583 5778 940 3315 4058 7029 6958 1323 5778 
735 1663 650 15 
1076 381 4709 4709 3419 2831 11276 1163 206 4132 953 344 5466 96 5452 353 
250 20 20 1005 835 751 165 2486 3021 1888 
1496 538 2855 1351 6485 181 475 1514 55 2567 234 496 2528 55 
2731 807 8408 807 11912 3720 1721 8408 5681 2848 7767 
4945 1721 1193 2444 1721 319 714 2042 3697 75 10 387 
3286 11913 281 11247 306 11108 6650 404 5683 2616 3286 5112 89 735 5683 
181 13 1981 2886 3774 3457 428 3532 2114 2230 171 50 
241 3829 3404 1840 
387 387 1386 1550 2502 2967 420 1771 1150 3824 751 11844 123 1103 10 2292 470 2918 387 959 1379 
7543 2335 785 27 1119 8327 2090 403 1241 
9996 298 738 317 317 1170 
491 516 7791 7776 206 516 8831 186 4822 3530 4130 2093 
4011 760 411 4016 972 11886 390 802 3539 442 5287 232 815 232 2138 491 86 
11 814 2779 315 1589 165 165 
102 1107 186 243 284 284 552 41 55 254 2198 1887 87 90 1484 
479 1108 1822 4796 794 5343 6124 190 215 9 389 
2330 1417 2766 788 420 
6756 758 86 
314 2213 4249 218 4168 1108 1108 1108 8198 73 293 984 73 5187 479 5276 2953 4249 1108 1108 270 1108 10 
987 1871 820 5988 500 675 10093 66 771 1972 501 987 1871 987 
2843 2812 1805 178 2185 2222 2185 1106 10 1947 382 2185 2222 
344 5380 215 6161 2438 1545 2438 630 2535 10645 4484 5107 196 165 1282 410 112 678 4484 4754 8964 5107 196 1282 6226 
8073 11924 1994 1168 283 772 226 675 
7701 2475 2475 2475 3720 3165 117 88 2130 181 3686 3739 
241 311 1795 5006 486 390 1831 501 3099 
753 593 3899 833 2011 2011 389 1489 
802 517 1230 159 5310 1333 1270 1511 1543 459 1322 2154 2556 
587 10 7417 3937 1099 1498 1511 4103 1269 4059 12 8063 403 2447 1827 
2433 8605 2433 414 
266 543 819 545 10741 10741 2383 3955 84 524 1092 348 7318 247 1648 1092 86 
1075 3302 4937 2557 862 
3302 4937 2557 862 
1829 1589 3193 2640 2904 1549 219 7472 538 1908 6520 2461 5107 1386 2449 215 1803 
1829 2409 5817 2409 5817 1909 1127 5817 1007 387 8934 
271 
2127 2380 946 2380 6861 346 6323 
140 140 
939 5233 281 347 5961 11944 231 231 11037 5376 2540 4418 1206 1640 281 
202 657 115 56 24 1388 2176 1224 495 423 423 2568 56 115 56 24 
6525 215 7301 2492 1062 2237 1643 1920 1731 30 3756 630 1028 1108 2590 2355 812 94 2590 1043 2237 215 
979 5171 1028 30 1099 2677 30 284 
1411 86 8728 5968 
1053 524 794 516 1614 1972 1595 487 4867 671 934 381 
3534 1095 2437 7916 1703 1033 4955 1977 1762 1977 505 1977 1411 
2326 558 1123 1549 219 7472 538 1908 6520 2461 5107 1386 2449 215 1803 
2335 311 55 3652 27 2507 558 7448 3899 241 
6124 1115 84 751 
7601 134 1239 939 1978 5887 1794 9665 4 1794 9665 
413 871 871 807 
295 250 250 
1187 87 1427 10 218 1427 3297 1032 1427 1690 11 2549 429 3057 1187 1245 11 66 
2777 3217 2777 3217 184 138 1805 7885 269 
586 436 2177 1349 4228 152 416 416 358 2734 305 48 285 680 5833 8184 869 680 1825 
1096 1096 3612 1096 2213 11 311 2918 1511 293 1288 371 9399 
1690 2696 2777 794 675 4237 738 9104 33 
1912 89 419 1982 1982 
800 404 215 404 797 794 
219 1108 1807 1807 1807 578 604 2103 1277 8244 1589 60 853 140 
2103 1162 606 2667 3776 4930 307 412 4337 6567 87 
863 4430 744 7357 126 
3459 24 539 3459 545 56 404 3459 24 539 3459 545 56 404 
3096 2142 156 5 508 393 129 1630 393 6321 388 393 11880 2142 156 5 
3839 4598 1293 1293 1293 1293 399 1293 1293 1713 5154 1293 
9828 3537 2577 7590 1219 1096 7568 
2114 491 409 3720 768 933 965 509 2114 3940 499 835 
409 6280 1439 7080 281 3057 885 2119 293 1186 1396 1184 1544 382 1719 2119 
2492 1147 281 247 87 706 
8449 440 1874 737 570 5711 6474 2657 1727 5711 2083 6474 6544 1526 2810 544 
1721 1520 8332 
1806 1396 1396 2001 11978 384 442 7061 823 1296 1396 2623 215 71 2061 404 165 2056 926 9480 707 7730 1355 736 1396 2623 
487 816 3389 117 1293 474 8234 
2592 622 9232 1311 1099 
2503 305 4768 6788 467 1058 1058 2350 1444 853 4110 
4134 1873 2843 3173 2411 1920 1871 505 2 4222 4457 281 171 409 2348 3173 281 215 735 4177 281 281 381 3173 281 1871 1504 
7033 1982 37 2864 241 853 1982 56 853 
307 307 5114 441 650 2954 1980 3464 
753 84 833 512 127 5917 
1682 446 4829 5276 5276 
3116 2051 2348 281 2348 378 7842 4156 3492 
2051 4059 281 786 112 112 242 1963 4111 678 1277 306 1938 307 
1130 4836 4836 4836 4298 4271 1721 2006 346 
886 393 393 368 886 1583 393 5350 393 393 3548 
979 11989 1346 850 508 388 
84 7602 1646 
149 1599 3687 319 1928 3042 149 10 11990 
10 2204 5081 3085 6626 123 265 650 1404 650 650 2621 382 2778 475 4107 3244 2297 1284 
679 161 6428 10 343 1867 2878 475 2213 10148 8274 96 397 725 732 1398 2688 96 3723 7003 2770 
155 11435 306 1099 257 822 140 2297 2222 139 9 1947 2878 2878 2671 
832 5 1641 832 2803 7694 869 8882 
2036 833 77 6618 1872 
219 1150 8876 1179 7318 2507 1322 202 567 616 5451 1981 
5451 2899 2029 3697 1806 663 329 1413 219 2029 1396 2029 1279 3906 3906 1657 3906 1571 
1380 2132 5763 127 606 1279 
3471 725 
204 405 2556 1030 1856 7835 6705 554 55 11998 1388 7487 10 
1511 2649 4908 978 19 19 96 407 707 3474 
583 5733 940 
2232 1002 409 486 1529 
216 885 1107 869 10 869 1179 1602 216 885 1107 869 10 869 1179 1602 
1132 216 216 885 1107 869 10 869 1179 1602 
216 
9461 224 6658 158 1366 436 6658 675 2369 6567 1479 88 55 1749 224 4779 2508 1276 
30 4110 6 250 727 3347 66 250 727 1983 1303 723 8352 270 293 
2623 1490 6990 2436 2119 2623 1763 2623 886 77 71 19 77 725 
3795 8561 215 1201 215 1201 149 4662 214 1449 455 3298 215 1107 419 3848 4662 
12 2507 368 184 184 
94 738 311 1645 
122 412 1157 
26 6116 30 3480 83 5114 650 9 
141 663 1957 26 
5649 940 1455 
797 1758 4773 797 215 216 5 
191 2245 311 1324 3698 10367 10367 662 2401 1369 329 802 565 802 8293 6319 1652 417 417 417 3523 
84 5761 705 182 307 1709 998 307 307 307 307 
1132 488 629 2423 794 
432 434 2095 6284 1595 5509 4803 142 705 87 1533 2411 87 
186 2555 2119 389 389 311 215 2614 1641 343 
262 1102 2775 1802 10593 4487 5182 694 463 
487 1831 1462 787 83 12033 3896 5 1246 24 5167 
799 1062 2918 5097 3184 1188 771 5692 11316 1188 1396 1457 3292 548 1062 704 771 
7946 1595 1556 3733 6680 6685 7542 19 3339 
474 987 
593 5430 8451 8451 4840 434 1827 2008 8451 375 7822 1549 219 4840 7472 538 1908 6520 2461 5107 1386 2449 215 1803 
5090 8743 570 570 311 193 1242 2412 468 802 468 2584 3319 2703 570 1871 9637 358 987 41 
4177 468 704 852 6652 1769 1017 547 1533 468 2584 3319 2703 570 1871 9637 358 987 41 
1147 1076 879 270 140 191 229 140 140 819 12034 12034 8591 
2647 651 4593 1940 71 650 5020 650 5020 539 5020 5020 
3356 436 2475 2090 744 3537 1527 2115 5154 
117 87 978 410 789 4754 159 706 
202 202 41 55 6297 103 28 41 12038 1932 468 706 
1051 2313 2810 36 3725 2470 547 1003 317 2423 4677 317 317 
505 5770 3810 5 1977 180 1935 180 459 6578 784 1882 1697 3116 2147 12042 775 1697 234 323 
3275 995 995 4071 4071 319 27 889 159 27 5882 3464 800 486 1327 486 358 1327 390 2168 1322 1829 1327 
1734 1700 216 10 1616 505 2641 10 199 284 139 
216 799 7 
409 4867 8471 2032 2032 83 311 7270 413 1701 567 
1354 8579 34 4338 5434 7603 2381 4395 4912 853 
1302 6738 671 802 12035 
6738 671 802 12035 
806 171 9272 390 10517 451 198 4261 1721 758 879 8993 508 879 
995 10 11697 2778 2736 358 3631 1322 573 10 1771 995 545 2386 5301 2736 2736 
3102 389 6388 995 2937 2334 995 3565 1545 
3217 1123 6982 288 1554 294 382 4546 5351 1277 1277 1867 
10041 771 1017 2444 2444 1847 429 10041 569 2444 10041 429 2444 3530 343 1188 2444 429 
4135 4836 934 19 3926 3682 6067 1959 991 
360 319 3306 1152 3805 206 319 3380 
4788 544 53 186 1241 3288 5518 
1326 2709 241 2709 267 1174 4643 285 2709 27 1700 558 
1819 536 694 2314 84 1363 188 3908 3387 4665 3380 152 4665 3380 
4688 4688 231 1349 4100 4025 4304 262 
2889 939 869 4 2560 329 1923 
1712 1244 750 3479 4261 1824 1533 250 2953 
281 671 727 2863 699 1490 1722 2609 269 83 311 
63 567 1906 41 10 2917 414 393 705 202 1522 1522 388 414 388 
10 654 554 6663 3102 2119 285 9367 2686 102 554 819 2270 1181 3403 1396 311 3403 215 2448 259 1396 387 
63 301 5681 505 161 123 1279 
622 483 1861 483 3184 483 592 1434 574 1920 10 704 2318 551 2318 722 1333 2360 509 
2436 3230 3074 6133 7580 1623 410 927 410 804 1219 10422 927 6053 3230 27 
599 1721 565 868 105 819 3271 312 345 1005 1135 215 322 2012 322 215 6218 329 833 
5449 2625 351 5639 436 117 15 2608 144 5405 1655 159 410 86 
574 574 5933 534 1947 1540 3940 84 2108 1536 219 219 219 574 574 215 3940 382 3992 
2866 5802 368 56 24 1243 5802 5802 278 24 
3750 27 
27 229 377 952 4732 6602 7232 123 123 
1865 1077 483 5090 1009 1209 7223 
1062 2747 5248 2492 3522 3799 215 319 3272 3489 159 3075 802 1773 186 863 
1969 1438 10236 654 5601 1091 
1139 459 5793 871 
169 1712 2314 1069 2438 6161 358 1458 358 1239 4558 4541 57 833 926 1785 816 
3404 
1490 437 1181 4463 12 606 5784 3832 4703 1490 1722 1349 1131 
1284 1007 1064 419 2440 2433 56 
311 833 589 1388 774 833 7977 202 1578 1386 3272 5887 
2810 3148 1568 628 11 5452 24 2712 
2001 409 3562 3537 12077 1557 74 1971 1557 7878 2954 3388 3404 241 
10 390 390 185 789 1756 159 1879 2452 
1390 968 3540 3810 329 10952 491 735 833 833 95 243 304 833 4630 3378 735 
2119 3563 505 6600 3076 2017 1269 3632 
2012 87 984 311 3865 311 5430 86 11467 1727 1959 7960 9105 1338 215 3034 
2341 697 662 2338 9863 370 11781 287 250 
86 10494 281 190 10 132 4616 655 3793 132 374 784 10877 544 5730 
6345 2769 4723 87 215 247 3548 87 215 247 3548 
979 2090 190 5336 1311 9757 1277 10715 1239 
937 5497 82 
51 9107 727 1419 5122 1900 
5878 3537 5032 10773 281 3484 82 82 
580 3797 91 2348 3756 655 33 33 10 1103 347 
2391 8593 3474 2489 9131 1322 1916 794 403 2813 
1781 1781 84 1500 1556 311 5258 912 613 
1470 738 2775 381 6843 215 2253 317 1881 1602 
1470 7826 6486 2654 3437 159 2492 7826 
6 849 66 254 1127 7084 1519 10 1807 206 7121 1519 
5530 66 254 2818 5214 2396 4289 1333 5214 5530 
298 593 1130 8341 2137 3537 8341 
851 1024 3964 3914 2416 3168 2416 5323 
82 4886 353 4087 382 382 382 1920 1944 406 
471 5801 1096 1682 10 2290 2570 650 319 311 586 3907 
2135 10 6466 7264 6466 12103 141 1920 650 1701 180 5310 6496 
269 1363 269 1363 4050 269 1363 
1971 428 86 428 1533 2378 9389 390 1283 7653 
959 1251 4860 144 442 2137 4741 2137 410 11830 404 151 5508 
622 612 410 
10 5066 87 334 216 2572 518 2653 4 84 215 87 186 
439 12105 9351 1883 5794 248 1934 4803 
12106 410 552 552 479 1748 1077 1616 637 638 1614 455 552 552 288 
311 11366 442 871 1154 5643 552 11125 1913 344 414 206 2438 1710 2494 338 1765 514 
17 6162 2610 709 1485 2600 165 738 709 2610 709 1485 2610 709 1083 30 2610 709 2610 709 1485 2890 2733 557 2610 709 1088 
9029 2555 4732 2011 123 10158 4889 311 5318 269 2135 731 446 281 536 374 943 86 281 
412 2329 1248 161 2134 
125 4059 1330 2011 2598 112 659 1390 7864 2598 1372 448 49 4134 4059 2598 2598 3810 6589 1871 1871 2598 9083 4755 2018 6256 7008 
3306 12120 206 628 467 53 2149 1718 704 479 681 6 705 
2608 3720 319 1437 939 241 10 8710 2698 381 853 
1818 1229 2090 794 200 
1030 419 1234 2864 275 275 2018 1533 275 
11090 617 1446 1870 5004 12123 5004 8670 10631 342 
491 861 10564 232 
861 3981 9553 3509 329 4213 4307 120 
9576 360 1819 1135 5925 9576 229 1266 229 1266 215 1302 971 4242 
262 633 2771 1909 222 6238 1177 
3184 1135 159 89 7968 43 2866 3598 12134 1773 273 1773 1395 3851 
6953 2377 215 86 186 792 214 11615 4836 11293 496 1084 214 1556 269 776 
84 86 558 
122 1819 1908 2321 1838 2321 6 2513 1377 2032 7118 11926 575 5240 4207 614 1099 2528 12120 
6652 3809 7551 2156 117 458 6553 458 458 897 458 5565 458 2475 
1568 386 524 344 410 
686 1177 1177 1064 878 633 467 1177 1883 5984 86 
686 53 439 1844 3424 10127 6 1803 638 637 10 1795 
1265 123 1193 86 1241 3537 1708 671 4457 380 6559 
788 863 5771 216 85 216 406 406 741 406 
149 1807 304 385 7963 7461 2362 479 5276 
2895 491 564 3584 1805 2826 2231 4404 81 51 140 2019 512 512 
650 334 1620 819 1616 1032 1824 650 118 1643 1256 9957 505 257 505 650 650 1051 650 3532 1165 2167 1165 5986 2167 2088 3590 1805 
1881 3096 1017 467 161 1062 140 401 3454 202 2696 55 2270 1995 1469 88 1356 1721 3486 705 159 1356 6466 11 
3004 3154 2315 4054 178 650 544 876 650 826 
334 319 8116 3446 319 1752 939 1411 
1325 939 693 88 1325 939 1806 1556 311 798 
462 8218 38 175 87 66 3226 259 1396 705 1000 4198 40 259 8464 1396 312 532 
5199 5126 741 1486 1910 1024 
1017 771 576 3254 1265 5829 9357 1333 2422 51 3675 
30 5276 6544 1573 3871 8130 650 2099 2581 10098 2322 650 2322 491 86 
3880 281 123 112 242 1963 4111 2393 678 1277 306 1938 307 
281 1722 5302 786 2393 
2030 806 3880 281 123 112 242 1963 4111 2393 678 1277 306 1938 307 
440 5099 4593 9548 1928 2357 6665 2365 
2357 12161 4802 2357 12162 
578 2357 9093 9764 
6883 6883 7783 2876 8166 12163 1690 417 345 
1040 7871 5098 654 164 1040 4803 12166 3351 126 127 3116 709 672 
88 413 2917 833 7035 2909 880 909 
5098 1883 849 1693 4522 738 1099 1428 1879 1511 1024 165 5098 5004 1422 463 1351 1865 
4379 5681 9 816 4324 4324 281 11504 1376 6987 1589 833 1091 1887 
5218 12178 804 2915 617 1608 551 
567 184 828 
520 262 262 788 84 2553 5658 2377 262 
520 3898 
132 1064 1386 682 262 2378 132 231 2222 77 77 77 77 4741 2555 492 231 
1755 662 2705 9 2123 2088 9381 662 662 2134 249 544 
9331 2371 2933 442 800 1338 
423 219 9 1387 1135 663 12182 1284 1058 417 
3148 351 2484 1718 349 738 3232 33 2897 
3904 3800 1712 1226 63 389 
7482 517 6677 8951 2962 82 4815 526 505 259 259 5625 1396 1776 1308 
5470 10 8848 9367 8221 3749 5495 2382 567 6092 463 9367 
529 529 4337 456 
1908 2340 2878 3464 284 244 169 56 1201 4580 479 222 2179 1333 
10076 3995 3856 436 8332 8332 1227 
800 447 1992 448 1351 738 3859 643 2492 1855 1234 
5791 8935 556 491 5192 423 816 5130 6809 9421 1363 5022 1536 663 861 2518 
417 311 1002 
5154 2072 157 3387 4665 3380 2556 202 1065 5341 11 152 
409 467 1568 655 554 4793 1533 41 1017 
1269 53 1712 393 66 1077 1700 1269 343 218 3563 5964 
3069 129 1284 129 9553 1633 9 3973 243 1999 2457 3346 129 6544 618 2614 571 12203 735 
370 939 939 741 1447 180 1435 819 66 2438 88 833 2826 370 1338 2370 12205 560 3224 3007 797 
802 169 298 2267 2650 317 939 1906 709 1311 709 84 709 84 707 84 149 4286 
4110 1330 1603 743 1924 5270 4089 
6738 1678 3586 2696 4796 1641 953 7583 3183 293 3069 1645 
3615 10562 3859 294 178 1672 
934 319 1437 2887 5126 
3525 157 3525 3525 1726 3537 10 
11128 3367 84 521 663 3468 5662 10 24 13 2764 232 3298 459 1107 
3335 467 738 1193 2177 
1413 273 1413 802 5683 1413 117 1091 3736 10486 5852 
221 9759 1599 637 1398 118 1896 1567 637 2419 3437 10770 4658 
675 221 1398 11 1193 15 218 87 6934 10 15 
1120 12234 1918 904 288 5503 7931 3461 9399 292 293 6570 562 947 395 
1455 288 5503 7931 3461 9399 292 293 6570 562 947 395 
1428 1428 1051 140 721 2036 511 716 1486 2454 
784 77 2518 219 292 2475 
84 1563 5422 2544 301 122 1889 501 1314 
10202 551 87 885 2378 5276 41 483 639 590 2089 252 2089 
273 1058 191 2494 309 3887 572 911 5222 102 379 3887 273 2878 27 27 2548 921 709 5222 5222 1099 9 5222 
2 1405 295 164 295 2108 292 819 372 138 2872 3230 814 7112 295 295 2834 
2107 8109 767 524 28 539 6075 
1803 2601 2920 215 370 2086 118 2371 573 27 800 370 206 2601 374 8287 
842 7753 833 467 3690 
5716 1201 1354 1522 2526 2526 1871 383 180 24 
7083 281 10518 
4741 4741 2555 34 8668 2492 5851 7105 1168 4741 1131 5452 285 220 
838 5036 1521 1589 1966 705 1521 8743 301 11 1589 
1907 788 
409 409 409 409 6919 663 307 2494 409 2087 409 164 409 414 2761 2 
191 3389 4059 3404 722 2381 8061 358 281 775 84 297 
250 3632 102 2950 6350 
853 853 655 3158 4876 1355 543 284 142 738 853 306 853 738 
2440 3096 8726 798 388 1068 
3279 650 15 1540 
312 4836 1535 
1154 84 804 215 
18 1529 984 825 250 10 4954 825 984 984 744 505 744 508 18 
147 2207 6260 1346 1614 147 2842 1390 2256 215 
212 19 7105 4796 212 142 522 4226 343 8215 3549 3021 
9 4653 463 853 2203 10 307 307 215 921 921 853 2518 1896 3058 2089 159 112 1896 6854 2629 
41 2014 482 776 93 1230 4687 215 4537 284 10 6165 6298 10124 
4061 8986 10 1617 213 284 10 3867 705 3154 7325 
9539 4000 4000 181 1327 1327 1775 1327 722 392 370 5767 238 7885 327 2575 974 215 4085 243 5731 
4247 215 98 1662 83 
1238 436 4501 1066 738 730 274 2878 1260 1783 518 10 2 738 1585 7095 
191 959 551 2852 551 547 551 2392 374 140 215 727 2152 374 
436 2357 412 
436 617 403 102 2371 2162 264 1339 109 264 1700 2623 305 5977 264 180 264 2623 2623 293 492 9220 9221 
382 819 909 3146 3762 816 9252 123 1033 
2475 406 406 10 406 12273 
1279 463 737 102 387 8664 3305 102 409 4815 8990 5638 
178 1170 1803 1656 709 833 7111 6161 833 10 33 833 11710 281 1708 1208 1494 833 
833 391 292 3761 56 4539 2707 56 1201 1641 
1149 326 385 1099 2 259 1008 675 
587 1099 2321 853 3464 3163 3992 
409 215 51 2819 284 10 10 2369 3476 1334 3546 215 1314 1514 3476 274 1808 215 215 199 
753 643 1099 262 661 2777 995 41 5164 311 735 1008 1938 736 1887 374 
3623 409 5148 2034 833 4327 215 4808 57 483 
3537 794 409 1509 4803 2034 3224 436 12275 1208 3537 88 
298 4849 409 2034 971 2454 2475 735 1002 
573 117 117 3608 2782 1980 10192 1843 3581 3608 1130 276 4611 
4940 1024 964 6908 
10162 562 1345 2541 404 8078 219 4836 311 561 9200 798 2536 567 471 
1363 9614 7733 861 774 523 2508 82 
2314 1900 2680 2298 301 479 2298 592 301 166 975 5772 751 233 5772 4876 2949 4876 
10243 2267 5567 5491 2878 3799 4062 3799 1509 3799 3799 377 7765 2878 3799 4062 737 3799 738 2878 3799 2185 
2897 9557 10 3617 9557 3617 1923 8124 592 863 3627 7966 292 3617 9408 9557 
2819 3563 1631 123 3563 56 3476 1277 
84 43 6756 1692 1721 1189 
753 2127 4464 804 475 2889 1409 6922 3404 6922 1409 6922 751 3658 4180 
1602 4661 404 155 10 1349 550 
7330 505 7330 2244 10 10 665 284 218 7919 284 794 
1752 1040 3819 3224 893 3339 491 3832 1219 794 
3603 234 1406 1004 1680 727 1093 2774 2256 
344 661 699 55 699 1186 223 288 699 1450 1427 816 231 1203 2219 1174 344 
8749 661 1279 1017 869 139 554 347 63 1055 479 259 1017 
319 1803 4059 301 2736 8984 49 752 250 315 
491 4059 181 567 91 9268 937 307 382 1989 1263 984 
4815 939 424 1099 959 2381 7418 382 701 2375 451 
2389 202 879 644 709 3312 5185 207 830 410 281 7969 6759 1139 161 202 3832 2475 
1500 1260 3306 727 722 4134 722 5671 2291 182 2389 202 6586 864 406 180 406 735 565 1974 1819 270 374 215 
753 436 1380 382 
2621 554 903 1120 1734 1263 1773 2270 161 327 2438 768 1043 1521 5587 768 344 1043 
2951 5667 428 2439 
262 262 4059 
5430 7730 86 86 3511 4 10 7854 11828 2090 1666 388 5067 523 1217 3168 10 1691 182 
5212 1056 4135 
6920 500 962 1189 500 397 2486 1712 1567 5974 716 96 
216 3021 8020 1445 3107 232 1803 329 37 1721 
5681 11791 8902 186 1600 6274 730 7123 2010 816 1600 5921 343 2504 833 3658 
4388 6274 1981 972 1600 5921 343 2504 833 3658 
304 5321 727 4437 786 2420 716 
1434 3325 5090 3300 3325 423 3325 707 3325 1333 
374 3325 57 6628 1164 6628 346 6628 3325 2448 2885 9162 311 5191 5090 2448 996 1333 879 6628 
1311 51 51 149 
10 231 231 231 5516 8341 5233 965 5030 1135 1722 806 1985 1985 87 1985 456 
2371 88 482 1229 1469 1832 2182 1832 4701 1245 971 52 244 1245 1201 1245 555 1245 1245 1296 1120 1120 
4669 1296 2297 8761 
1980 199 1815 4333 6055 573 10 1005 186 833 
1077 2107 8052 10127 
13 109 334 1965 30 5175 
469 1030 3482 2672 
1721 1030 469 794 89 9210 
3476 4781 1595 2556 1030 4108 2440 252 3973 11689 713 712 3019 224 634 469 12307 1428 1112 4153 609 1142 1952 1682 2466 1672 1505 518 1030 1595 4893 707 556 2114 8229 292 4985 1112 7630 609 87 3995 1030 3929 
561 205 3439 161 105 9521 
5863 2600 459 1147 
671 186 329 2705 3096 389 879 389 53 215 1822 311 4 3762 2219 5376 7495 1854 1423 1423 
12321 2623 11108 862 436 370 232 
10 1718 219 12322 11108 1720 1065 3203 833 358 787 8446 741 741 741 741 
567 1296 84 11108 1354 5673 1376 
2629 6240 11108 243 1602 4957 27 84 
1341 3242 298 
82 369 804 5028 391 
462 680 2585 738 12325 3120 462 3120 462 752 138 3335 3120 
1563 1700 1811 3699 2727 521 680 64 1736 269 3914 3914 1533 3914 1533 17 1346 2017 544 1793 
1403 2030 7373 3899 5517 783 461 11247 3915 783 783 783 87 
1715 6060 216 84 1940 505 5430 216 
401 7336 2009 345 782 
304 351 351 3663 655 2382 33 
785 2555 304 5966 3356 4793 10 833 234 435 1340 8061 4349 3891 281 
5869 10654 1099 304 833 406 406 1871 
9361 8052 3600 8052 3600 241 
663 129 159 3720 988 1313 1458 346 1392 
3866 1102 456 2052 1102 456 2052 
1638 87 742 3860 
3350 794 1946 2824 951 10446 1084 358 1788 10351 1701 10109 
822 30 8356 
3283 216 216 524 794 1758 2915 345 
358 7920 84 1337 5157 2840 2840 213 215 2840 1107 5228 915 
122 1494 1938 2918 10299 1260 11162 1217 7795 6522 1277 1226 102 1643 1058 1260 11162 1217 
231 1346 312 5 250 1239 
2814 799 3761 1475 370 650 5831 4958 1082 489 1700 5831 5259 2444 6937 2444 797 1139 429 2444 6937 370 650 
638 2161 2161 5495 585 370 650 5831 4958 1082 489 1700 5831 1865 5259 2444 6937 2444 797 1139 429 2444 6937 370 650 
1272 2412 1700 10 1511 1396 1618 
241 4982 11613 4982 4982 448 423 2711 7316 140 1973 4643 
3066 776 3800 319 3911 3608 12337 2989 5470 3608 374 277 180 2371 394 1780 2712 3608 1596 
2910 2910 3474 1254 3474 30 112 377 2213 1469 709 131 1561 3554 
1803 7771 4166 5570 2778 6863 1598 1173 3735 161 4958 
1638 3271 1102 186 
84 2672 88 2438 840 9 2297 
558 521 10 1712 521 1492 1188 1492 547 2797 8628 758 521 6665 2573 9757 
94 143 94 143 
230 423 117 4183 330 
1433 500 1803 281 1433 1266 1165 6789 311 
1470 459 3947 939 219 180 
171 122 538 2946 679 1445 1715 1712 4333 2535 1445 6375 5256 159 878 
3218 127 319 117 6894 925 1428 
3464 9384 3464 358 560 968 3464 125 741 
1732 5275 5643 1376 3564 12356 9743 3955 1439 127 87 2123 27 1322 1241 2123 800 2936 509 34 219 3981 
216 2104 558 1806 216 
584 2826 551 3430 2777 30 2687 1533 1046 890 8433 2936 623 1485 259 66 488 790 2423 
12037 1239 984 984 1296 3272 329 2309 3298 1657 6914 1369 1721 612 
297 807 1721 475 1907 544 6241 1907 
10 1971 1972 1802 1219 5080 358 11791 112 506 7443 696 771 
3366 88 5559 109 1337 
5941 419 1520 489 1028 7084 489 471 244 1028 1809 
329 215 3802 2229 
741 3184 1988 132 4589 1167 
86 8874 330 
804 547 722 547 4876 722 547 4876 
1965 547 
10 2537 3908 311 1311 218 10 2518 2537 6562 
1865 123 1242 799 5259 1865 123 1242 799 5259 410 
6486 3613 6077 848 6486 1150 4432 7630 3183 118 
6805 1455 3437 216 5925 5380 
2509 650 1822 388 548 2509 96 2509 96 479 222 2179 1020 1741 6283 388 2509 856 
9271 436 4457 9 205 754 479 567 833 643 149 
1712 561 6922 830 467 306 10 403 4395 833 477 885 3632 4395 
4561 9354 693 9354 34 292 693 9354 206 8768 709 103 2915 122 2357 
2779 319 2623 311 897 
619 224 
1640 52 414 87 1640 52 414 410 118 1551 1511 871 
311 8274 2186 784 1732 3483 784 2381 1099 690 1099 1533 1099 9104 
833 1965 159 219 467 
1482 2314 442 2790 1981 620 1482 2440 1459 1482 3875 329 115 115 55 716 
10837 108 2707 1708 51 98 1776 1793 276 
108 2707 1708 51 98 1776 1793 276 
3417 1434 1678 1434 1432 2448 4895 7725 108 2707 1708 51 98 1776 1793 276 
108 2707 1708 51 98 1776 1793 
1284 420 95 95 804 278 1201 853 10 853 
409 409 1186 281 12411 244 1916 1554 125 734 271 1256 
244 3705 84 2115 833 271 125 734 505 125 734 271 1256 
3705 5546 505 125 734 271 1256 5681 1236 1236 
2161 1040 5763 268 1127 1807 
4059 129 122 
343 410 84 1712 37 
2440 3546 2446 1119 215 650 
85 5085 4181 9758 2654 1437 231 2864 
505 3293 3293 
6756 998 494 494 
3160 3736 
2012 
5 1354 
794 
30 62 940 1824 30 234 505 3640 
4732 3293 
1192 
436 3537 788 
1872 84 802 2012 
2001 4836 
833 178 1274 1058 4815 
129 616 616 3665 10844 657 1193 663 1279 1511 48 604 
1881 3871 2640 3622 1761 297 4 
879 2041 2041 3987 
1328 105 7011 
1253 9 3086 704 4540 740 2364 
5437 775 390 200 374 84 4521 3765 3765 741 654 6146 3331 741 939 1998 
1334 11 2635 87 1263 1334 
12424 2114 3545 343 12425 3088 3371 6508 4978 3902 706 
