49 51 59 6 40 60 61 
73 74 75 76 
10 100 18 101 102 103 104 2 18 105 106 18 107 108 109 110 111 109 112 113 114 91 115 116 18 
10858 92 93 3993 
171 180 181 153 154 155 156 157 153 154 158 
182 183 184 185 186 
206 
180 227 228 229 230 231 232 41 233 10 
234 235 55 
236 237 238 239 240 241 242 243 244 
215 245 246 247 
248 249 250 251 252 
51 188 253 
164 165 166 167 168 169 258 118 259 
263 264 265 263 266 267 188 253 
268 269 270 
271 272 134 273 202 6 
274 274 275 276 277 274 275 250 
290 291 87 292 293 
294 86 
237 87 295 296 
297 86 297 86 186 
298 299 300 
301 230 302 303 304 305 
306 307 308 309 307 310 311 312 313 314 315 316 
317 273 318 319 320 321 322 
323 324 325 253 306 247 326 87 327 
334 335 336 337 338 339 340 341 342 343 343 338 344 345 
346 281 347 348 349 350 351 292 352 292 353 354 345 
355 356 357 271 271 358 359 360 361 355 362 363 364 365 292 366 
367 127 368 367 369 370 19 371 372 373 374 375 376 180 312 
395 396 12 395 12 397 398 399 12 
476 102 326 477 87 292 
484 156 139 118 111 118 118 155 156 404 485 155 156 486 403 487 488 489 
393 527 528 
529 530 531 532 529 533 531 534 529 530 535 529 531 536 537 529 456 531 393 530 538 531 529 398 531 393 296 358 64 323 539 293 393 247 
475 393 
393 527 528 
393 527 528 522 127 
612 393 613 398 610 611 
393 614 615 614 
393 344 344 344 393 296 358 64 323 539 293 393 247 
393 527 528 
608 393 393 296 358 64 323 539 293 393 247 
616 617 618 619 206 620 621 622 623 
624 41 625 63 626 627 628 629 128 630 41 631 77 
540 632 633 634 41 635 636 637 638 639 553 640 548 641 406 
625 199 642 66 55 643 644 435 427 645 
647 648 
548 63 10 649 650 293 284 10 651 652 118 382 653 654 655 118 648 165 118 4 656 657 
548 63 118 382 653 654 655 118 648 165 118 4 656 657 
548 63 10 649 650 293 284 10 651 652 118 382 653 654 655 118 648 165 118 4 656 657 
49 491 658 15 659 660 661 662 663 664 665 55 666 667 
668 304 298 669 669 669 670 297 669 
304 298 669 669 669 670 297 669 
671 358 304 298 669 669 669 670 297 669 
669 669 669 670 297 669 
304 298 669 669 669 670 297 669 
669 669 669 670 297 669 
683 684 685 683 684 683 686 684 683 684 683 684 683 687 688 684 689 683 670 684 690 691 683 692 684 693 694 695 84 260 
307 5 685 685 737 737 738 739 5 740 87 739 739 
374 741 86 742 368 735 228 
743 87 259 
744 743 181 744 368 745 746 747 748 749 750 
751 752 753 754 598 755 756 757 758 759 
760 186 186 738 761 762 763 764 764 
475 738 761 762 763 764 764 
765 137 766 767 87 768 345 769 165 770 771 556 772 773 774 775 776 10 773 777 574 773 778 
752 428 779 71 780 368 745 746 747 748 749 750 
781 234 782 783 784 28 785 
792 756 290 793 
794 
237 237 188 406 795 49 394 796 
800 801 253 802 803 804 805 
806 807 808 27 87 404 685 809 810 811 
118 427 812 171 518 813 251 814 815 118 427 812 171 518 813 251 814 815 
816 344 817 818 819 818 818 820 821 0 822 823 824 
118 427 812 171 518 813 251 814 815 
691 248 826 827 165 86 828 829 88 564 343 830 343 343 343 343 831 343 798 355 343 832 
833 564 343 833 564 461 834 835 564 159 836 837 564 564 343 830 343 343 343 343 831 343 798 355 343 832 
864 865 864 865 860 488 864 865 866 228 181 867 273 868 869 870 871 117 
876 876 877 188 876 876 876 878 879 24 410 862 196 880 
891 404 131 872 330 659 873 874 875 306 853 
182 892 893 180 182 894 895 896 10 404 465 382 895 897 898 
901 902 476 622 10 800 312 903 904 905 904 906 907 87 906 908 906 
904 905 904 906 907 904 905 904 906 907 87 906 908 906 
840 800 344 916 215 802 917 916 87 916 292 
916 918 916 215 802 917 916 87 916 292 
904 905 904 906 907 904 905 904 906 907 87 906 908 906 
919 50 920 921 916 215 802 917 916 87 916 292 
246 922 923 924 298 323 925 10 926 292 927 
928 929 792 930 931 916 215 802 917 916 87 916 292 
381 743 904 905 904 906 907 87 906 908 906 
932 933 934 87 295 912 913 914 312 215 915 87 
916 215 802 917 916 87 916 292 
142 293 935 539 293 
323 87 936 
406 461 833 937 938 358 939 84 406 461 833 182 940 941 
942 943 
944 293 253 945 879 491 946 812 876 947 948 949 950 
428 539 539 293 951 
952 
270 953 797 954 
955 934 956 957 958 959 932 960 961 381 
962 346 962 963 292 964 965 962 
412 406 461 833 937 938 358 939 84 406 461 833 182 940 941 
937 938 358 939 84 406 461 833 182 940 941 
966 751 181 967 
968 215 270 
969 934 219 970 315 971 293 972 934 381 381 
296 973 292 784 974 934 219 970 315 971 293 972 934 381 381 
476 975 476 292 976 929 977 323 
296 973 292 784 974 978 979 980 978 981 982 978 
292 976 929 977 323 
296 973 292 784 974 934 219 970 315 971 293 972 934 381 381 
407 351 983 984 10 985 544 10 
273 33 986 314 785 987 986 
273 381 988 33 940 
989 312 990 991 989 539 753 319 992 
428 994 358 995 539 753 319 992 
997 998 
999 121 247 539 1000 539 1001 312 
273 381 988 33 1002 
1003 31 234 88 403 797 5 257 5 1004 899 231 231 
1005 1006 1007 1007 247 
1008 1008 1008 1008 479 1008 
243 389 815 1012 1013 
1014 10 1015 1016 206 1017 1018 704 1019 1020 
675 939 1021 417 680 1022 323 1023 675 939 1021 417 680 1022 323 1023 
1024 1025 489 1024 1026 1027 1025 1028 231 1029 1030 756 611 281 1031 1030 1032 1033 1034 446 1035 939 1036 214 
489 1037 1038 489 1039 1040 878 800 1041 489 1042 1042 1043 1042 1044 404 725 1045 103 1043 1046 1047 
1024 1025 489 1024 1026 1027 1025 1028 231 1029 1030 756 611 281 1031 1030 1032 1033 202 184 1079 
489 755 141 
86 1081 703 1082 489 158 1083 86 87 1084 1085 86 428 536 1034 446 1035 939 1036 214 
1102 1102 489 1102 1103 725 87 1104 1105 79 87 
1127 758 118 886 64 
52 1187 843 
288 52 1240 1241 103 774 48 139 1242 1209 52 1106 52 1243 869 1244 52 459 1245 40 567 1246 161 
1106 792 52 52 459 1247 1248 52 1106 869 1244 1139 288 114 29 1249 222 
273 
1290 1291 293 1292 247 184 617 
1293 1002 1293 412 399 
1309 1310 1311 1312 706 125 1311 1313 1311 883 1270 1273 883 1270 1270 1314 1270 682 833 
1315 567 1316 1317 1318 1319 
1342 696 816 1343 1344 79 1345 1346 
1392 1393 1394 241 
298 620 620 776 297 
1413 1414 1415 1349 
833 534 
1422 1354 147 1420 147 487 1421 1024 1311 77 30 1051 118 445 853 1350 1308 
219 159 
161 
102 1439 785 412 1440 785 1441 1266 785 1439 398 1266 1442 1443 
1192 1186 1190 1473 1474 571 725 553 1456 52 10 1236 1284 1113 1192 
1217 416 1218 1219 1132 505 416 52 1120 856 700 567 1132 1184 93 1185 872 
1507 52 52 64 199 288 1508 
52 
52 1203 1204 1205 1206 
1106 52 52 1136 312 52 
52 52 52 1106 1136 312 52 
52 1207 1574 1075 1575 1576 265 614 52 1207 1574 1075 1575 1576 265 614 
1138 774 886 1583 1107 52 1584 66 1585 1479 799 1209 1136 312 52 
52 963 956 1595 1349 735 1596 52 1120 856 700 567 1132 1184 93 1185 872 
1132 222 1598 277 52 1099 774 41 52 1599 52 1464 1132 
52 1600 1601 139 1469 139 284 52 10 114 758 52 1464 1132 
1615 52 459 208 1616 230 52 1464 1132 
1617 1618 52 1195 215 1196 93 1197 215 1198 52 1120 856 700 567 1132 1184 93 1185 872 
1803 939 52 52 236 208 3395 52 879 
463 94 463 354 52 52 1120 856 700 567 1132 1184 93 1185 872 
215 87 52 1195 215 1196 93 1197 215 1198 52 1120 856 700 567 1132 1184 93 1185 872 
52 879 52 879 
52 505 52 52 41 
344 52 52 52 1120 856 700 567 1132 1184 93 1185 872 
288 52 1240 1241 103 774 48 139 1242 1209 52 1106 52 1243 869 1244 52 459 1245 40 567 1246 161 
52 1137 1138 52 1137 1138 424 52 241 1139 52 1140 716 716 52 1107 52 1107 706 
41 41 505 52 52 41 
215 52 1670 1601 1671 155 48 1051 30 1148 1672 382 1673 738 307 
87 52 410 410 1127 1106 1684 52 11 1685 234 1686 410 
86 304 476 853 1132 1091 1705 1706 1706 1245 408 1266 
1132 1772 1598 41 1773 1774 1775 1776 804 1777 1469 389 317 161 30 1778 52 1464 1132 
1132 1798 1799 1800 
1132 459 1809 1810 89 1811 1595 1812 
344 643 1132 
1868 1869 975 1870 1871 34 1872 1873 1132 1874 1875 1876 
344 940 4859 1132 
2023 1132 344 323 323 13 
1293 650 293 2074 
920 346 2146 2132 2132 722 
86 2132 2132 722 
2132 2132 722 
86 2187 
86 2188 2187 
822 0 2260 1461 646 118 2261 2262 118 2123 478 2263 613 1003 2095 
2260 1461 646 118 2261 2262 118 2123 478 2263 613 1003 2095 
118 161 2087 337 2277 673 284 2278 257 63 118 161 
1279 1246 219 1827 259 10 1466 1811 2221 675 2222 118 726 2052 49 2223 53 1887 87 2052 675 
552 123 2321 6 1055 34 35 36 37 38 39 
2622 2623 1839 1108 725 2623 2623 2623 963 84 
2097 3121 55 406 3122 3123 3124 3125 3123 3126 329 3123 3124 1163 
186 186 3027 343 344 293 2917 435 251 247 343 920 3188 323 544 251 323 
186 293 435 251 3027 706 247 869 293 3261 123 296 87 293 936 
932 705 479 3257 1055 629 548 41 3260 41 3102 326 1376 327 41 1997 1785 117 6 6 1376 327 773 326 1998 1999 
293 435 251 3027 706 247 869 293 3261 123 296 87 293 936 
293 435 251 3027 706 247 1598 2057 475 3269 3268 
3027 293 435 251 3027 706 247 292 296 2478 
186 293 435 251 3027 706 247 456 
293 435 251 3027 706 247 342 3386 3387 3388 1060 1061 3389 3390 3284 3389 467 475 3284 342 
979 3509 312 745 488 741 
215 3556 323 369 215 3556 87 3556 3556 
312 215 215 3655 131 293 253 
512 1440 
2958 2958 1449 3675 3655 
1293 474 474 474 663 3074 3842 
86 86 
543 374 1561 343 343 343 343 343 343 343 3943 3944 622 3675 343 343 3675 344 2395 
1561 343 343 343 343 343 343 343 3943 3944 622 3675 343 343 3675 344 2395 
117 
543 543 
27 895 3968 3245 3565 
4005 3334 4006 753 4007 4008 4008 3334 1099 
1342 446 753 86 7 1099 3334 3334 312 4023 4024 3334 
1099 753 13 3334 3334 312 4023 4024 3334 
3832 4158 4159 
345 474 474 2290 4172 234 4173 2739 1645 3599 4172 293 4174 404 4175 934 
1187 290 
1293 1293 1293 1293 1293 1293 474 1241 
3027 292 2349 292 3564 292 4282 
3093 295 988 790 483 
344 1163 323 292 2167 2167 
86 86 343 344 292 4310 1004 
757 2653 117 315 2334 
3802 784 3802 
543 304 2452 4283 
840 1311 840 3506 1293 1293 1293 1293 474 474 447 1293 1293 1293 1293 1293 1293 1293 1293 1293 1293 1293 474 3021 
1311 840 3506 1293 1293 1293 1293 474 474 447 1293 1293 1293 1293 1293 1293 1293 1293 1293 1293 1293 474 3021 
86 4616 1457 1457 4596 3363 
3802 2635 87 293 312 
265 111 2518 
2229 229 245 406 3378 547 547 3376 3278 4765 4766 82 1684 159 
344 2229 547 3376 3278 4765 4766 82 1684 159 
3802 4767 4767 1501 
876 876 812 547 2504 374 404 
2290 398 
186 2452 3837 3216 3370 2452 
2610 307 1072 
3802 186 50 1026 
304 298 669 669 669 670 297 669 
669 669 669 670 297 669 
304 298 669 669 669 670 297 669 
894 669 669 669 670 297 669 
2332 932 
180 3479 843 1923 3846 2981 811 3604 4087 811 181 4398 811 1355 3334 3298 
324 412 312 4801 5560 312 
3013 933 934 87 295 912 913 914 312 215 915 87 
50 50 50 671 50 50 3552 1229 3504 3862 4237 975 33 5223 
613 5661 1543 273 3284 5662 5661 2371 2090 3284 5663 234 1543 5661 5664 5660 273 2271 
1718 446 1009 712 771 446 447 1010 191 312 1011 
446 1009 712 771 446 447 1010 191 312 1011 
298 735 1663 1982 489 3720 4399 3529 4891 3165 4654 5723 
3027 329 94 4472 404 3027 1342 
382 2276 2087 5343 4214 1100 650 293 650 1148 34 118 738 382 2276 2087 5343 4214 1100 650 293 650 1148 34 118 738 118 570 5987 2233 
641 215 86 1346 3697 3697 5986 3697 
1845 622 188 215 86 1346 3697 3697 5986 3697 
293 435 251 3027 706 247 988 613 5643 33 342 
293 435 251 3027 706 247 475 398 342 
1293 412 3476 2327 4793 
797 181 1533 
6264 5211 2590 6266 6245 86 4880 2810 1827 171 171 6265 921 62 3750 554 171 2657 949 2018 2150 
794 1003 2349 
1361 9070 
297 86 1313 86 1279 87 475 326 3370 
3334 785 543 6406 
2229 216 3776 216 244 6406 
4043 5806 639 4043 5806 639 19 33 19 4043 5806 639 
147 558 680 539 1742 368 49 680 10 211 717 4043 10 
3955 439 2119 1734 1469 709 1600 199 247 2185 2953 71 629 907 1734 1469 709 1600 199 247 
399 4 84 241 84 
399 293 2917 435 251 247 87 814 1299 1290 215 814 744 1299 
1192 293 435 251 3027 706 247 87 936 
186 2148 293 435 251 3027 706 247 323 87 475 1092 
544 4304 345 
345 4304 345 345 345 543 4304 345 345 345 544 4304 345 
215 4344 1246 381 296 87 292 
903 6885 6886 547 3549 4157 
344 547 3376 3278 4765 4766 82 1684 159 
547 3376 3278 4765 4766 82 1684 159 
4708 4781 942 1293 399 547 3376 3278 4765 4766 82 1684 159 
774 105 522 3308 987 412 547 3376 3278 4765 4766 82 1684 159 
2060 297 1370 3348 
142 3902 
474 446 1009 712 771 446 447 1010 191 312 1011 
1728 281 910 215 13 2034 3353 
1713 489 19 
3832 1135 811 562 811 1135 94 7303 1283 311 
840 785 3524 447 241 
1803 4275 63 2097 7418 7419 630 939 284 128 20 2018 705 705 1838 545 984 306 467 
1192 2097 7434 1710 705 705 1838 545 984 306 467 
186 446 293 435 251 3027 706 247 1092 2034 
981 293 2917 435 251 247 981 323 87 292 929 3482 981 292 
186 406 186 2478 345 3334 34 
956 260 215 1294 
979 1099 515 1028 356 343 1339 344 
2229 186 6844 186 186 6838 4080 6838 3158 6839 3288 6840 281 1457 281 1313 2066 
6840 281 1457 281 1313 2066 6838 4080 6838 3158 6839 3288 6840 281 1457 281 1313 2066 
4299 620 
6863 491 2066 5658 751 358 1770 1044 
290 2631 64 3478 
5054 200 
620 2256 2618 393 393 393 2618 679 2618 1769 2492 5296 388 2618 
346 833 4237 
956 794 5174 693 360 330 3298 794 292 290 982 1923 
3230 323 323 527 622 87 833 988 927 3340 
4611 161 234 509 963 611 295 234 747 7502 7941 
3230 323 323 527 622 87 833 988 927 3340 
620 863 853 55 199 1242 963 790 707 241 853 3810 269 3376 
3284 475 5516 725 1245 
1192 186 406 4642 232 102 6389 86 
436 5668 3800 4769 5668 343 3861 3800 1184 474 
1526 102 8126 295 215 7933 215 1184 8127 5211 1517 565 
1638 1763 216 8242 3867 1906 
186 3005 1645 814 247 404 2612 111 1660 1005 
5901 
508 2211 436 393 393 368 886 1583 393 5350 393 393 3548 
800 5107 5107 1184 1459 174 1184 3284 4383 4643 800 234 3970 1385 3750 186 344 86 86 
2022 314 343 6188 358 344 2022 2022 314 
50 3554 943 87 
5626 86 34 1102 2093 86 7932 285 1675 4047 86 7933 19 1708 139 381 34 1102 161 77 2093 1327 
1721 7079 409 794 794 409 409 2671 7076 800 
1010 1061 1061 491 1010 1010 1061 102 
86 965 1192 
127 598 965 1192 3094 2717 5028 381 
945 8568 8569 945 2148 
8568 8569 1871 27 5010 1871 27 
3320 3334 2830 404 
28 28 28 696 792 
4176 3819 345 8607 180 1912 1182 
277 94 1598 
186 86 864 1871 353 3347 7996 186 2322 1354 19 467 354 8608 534 4836 29 3558 965 3191 6420 3059 
28 
1293 1293 1293 2410 3057 7194 8373 2146 739 
446 345 3399 3311 6189 3915 2478 28 323 292 
1893 543 8626 
1270 4529 867 345 8640 752 
1028 323 4688 297 1693 293 1500 1075 1028 
412 861 5148 932 272 250 263 8225 1084 745 334 1007 8662 4893 
5288 412 861 5148 932 272 250 263 8225 1084 745 334 1007 8662 4893 
2371 344 4001 753 1333 459 4001 127 4001 1296 2371 2371 8667 6001 1951 928 
1559 297 4606 6304 3794 1831 476 6099 297 2452 297 751 297 4171 2707 2452 182 1923 263 2452 
1457 4117 1102 3506 939 1517 319 657 368 8109 87 87 
5690 1652 215 3138 184 345 399 273 3795 7839 1241 273 3795 7839 297 3610 622 4309 
1340 1260 3380 8681 8682 
725 4306 
3042 2256 6678 136 2174 7616 4555 7375 440 2657 766 440 264 1967 3042 
2256 2623 
2256 4 428 939 1217 978 4642 
344 2256 992 141 2644 6761 264 19 10 284 30 10 2256 2047 3721 2018 
4531 
4872 1600 1879 1600 1469 125 8690 
674 840 840 2958 3506 4363 4363 4113 2364 4657 
840 
6430 5185 281 735 4368 8694 2937 1984 511 735 4177 5176 1322 2937 4958 207 2807 4153 420 2167 1170 
1072 5185 281 735 4368 8694 2937 1984 735 4177 5176 1322 2937 4958 207 2807 4153 420 2167 1170 
345 182 
979 2237 547 123 4203 4327 891 
1837 87 2574 216 216 1170 500 216 3554 
3794 4213 3981 87 2517 476 2478 
176 4049 3829 
833 5779 746 131 253 738 4542 2555 4275 174 657 28 2478 901 2703 738 4542 2555 
100 1399 8019 707 307 1989 2256 19 293 111 307 139 1984 270 3556 100 1399 87 293 236 236 
8715 735 238 3919 1193 5438 1107 1600 1698 8716 311 534 3895 833 532 215 142 3444 1559 180 
2182 945 879 406 1907 406 833 3848 182 308 2004 2004 2004 
3070 298 3070 114 297 
87 3057 751 3519 4498 3900 1279 8464 406 216 
516 382 584 1651 3549 516 
86 
3074 1243 657 230 2864 251 1243 3004 34 138 2 3334 875 8723 
294 50 446 475 4251 398 475 186 3655 969 329 5652 2108 1750 2096 3041 475 50 
446 247 
785 412 3532 412 474 1439 186 5638 797 963 186 1963 
1181 573 102 2232 412 412 474 5503 
412 412 1002 1002 454 319 7 140 232 7 1845 
412 412 151 358 3861 2146 6280 1002 447 412 412 412 
2478 1293 399 2657 1293 1239 2657 833 8727 524 
1444 355 1449 4118 1099 1221 1075 3879 592 
785 8732 
775 1894 1894 1894 800 921 3672 1503 921 842 
534 2093 986 314 565 598 2093 534 
8752 4517 6322 416 7700 3130 2657 8753 7482 343 87 344 
5565 5565 5565 3360 8177 
344 822 247 3294 
979 304 979 1423 288 404 
8217 899 4889 476 
1685 314 2108 3832 105 238 2124 836 
568 404 345 8779 8779 
8410 1201 895 215 1871 305 2858 358 8621 111 475 7525 2610 899 3723 1337 2712 102 2334 2071 
49 1147 4475 3576 3576 662 247 
412 833 3027 84 7835 8782 671 8783 188 894 
491 1722 
785 7757 814 295 446 1178 826 8796 57 
2452 
186 8801 2114 
979 489 1089 1835 6919 474 8802 2050 2479 1920 447 
489 1089 1835 6919 474 8802 2050 2479 1920 447 
785 
27 8803 390 7522 3285 3285 159 3285 140 474 3285 3061 
8804 4389 1130 5404 2268 127 2980 562 736 1184 8805 5205 853 2629 1226 55 2148 8806 562 
986 534 474 358 3005 753 2150 986 
1058 705 10 705 5683 2683 96 6 705 1396 5713 388 3795 3795 7577 705 2242 
1299 215 86 345 34 816 
3164 467 3506 410 304 1871 874 
5376 4803 784 4803 
326 1123 326 184 326 1935 212 269 797 
8822 1871 1263 30 3891 1051 1102 8823 5784 2845 
1803 87 232 118 3245 10 5171 10 139 1007 690 18 
406 406 1599 
215 2438 315 246 1585 962 3521 198 755 962 2629 2371 215 2438 
3645 4536 6327 2411 3645 2563 484 4548 3057 2066 
802 87 
86 86 5613 
1870 1284 3778 3151 3042 369 3778 3778 2022 3549 
4115 8881 606 3754 
3832 406 800 11 699 5634 1330 410 11 699 5634 1330 410 11 699 314 232 1174 1330 7693 
3464 314 3464 833 3464 94 833 314 314 5797 
789 984 765 1496 534 456 7690 237 1278 1574 929 87 
412 534 932 412 
3183 574 168 700 511 518 574 735 1795 493 187 191 8932 141 544 1351 
1327 672 974 159 974 974 
447 2146 
3311 1900 1294 958 318 1989 
180 399 
381 616 381 1122 722 1093 105 105 206 3255 1093 3255 1093 5884 
758 1561 2203 334 1601 139 2179 280 
86 348 939 2349 2256 8956 4696 1260 962 962 86 
932 2092 3331 53 2401 3901 215 970 788 2092 3331 398 
785 953 785 1707 8961 3334 2567 6281 2011 
816 561 417 358 170 2148 3565 8969 2148 3565 8969 
474 745 6119 215 86 290 543 34 
329 329 1718 329 329 329 1667 1574 925 1574 1574 329 1574 311 5441 446 1260 1559 934 
8988 476 524 783 271 6395 3088 7455 3556 
271 8988 476 524 783 271 6395 3088 7455 3556 
398 475 398 475 
532 3284 215 2093 215 1481 
186 2635 87 998 1337 4035 1000 87 345 7194 368 
369 1091 417 805 
9011 671 
1299 215 475 381 1452 1099 8420 215 1710 5707 301 236 
833 307 3530 833 319 320 88 
241 445 853 56 5210 56 5210 56 1201 478 523 5210 880 
214 3899 6325 3471 1727 552 1260 
474 3363 3526 4652 
3649 716 716 716 118 716 166 166 3510 716 
9095 9096 9097 4116 34 1870 9098 765 4380 816 219 290 319 971 
86 547 
785 788 3824 475 475 3824 475 475 
379 123 663 379 3811 326 
2936 792 1923 
4112 215 
6389 458 3480 161 247 
3840 2475 6186 816 1722 6055 2731 505 6055 2731 329 6055 
343 833 344 293 253 833 323 253 334 2004 2004 
3339 384 2555 384 2555 1641 751 384 
344 345 3188 3188 3188 3841 1952 562 1948 
565 1107 186 
1107 186 
298 794 508 3516 
3079 4039 293 722 87 
2229 2229 2498 8464 1396 5233 
2229 2498 8464 1396 5233 
543 2819 3896 3896 314 2006 
722 1957 412 1091 1970 1355 1091 247 738 
412 1091 1970 1355 1091 247 738 
7950 273 3479 3621 343 3556 174 2478 3697 524 
534 1296 314 3564 9294 534 1296 
3302 87 87 353 4087 382 382 382 1920 1944 406 
127 9312 1712 843 3906 
345 358 
474 474 1713 9331 3797 3459 9332 7308 6182 94 7308 7309 3476 358 403 
298 4611 3832 
1949 399 43 1008 382 82 
215 934 311 1613 2380 9363 346 314 965 4794 320 215 934 3795 259 1260 3960 8464 314 
867 311 833 311 293 290 366 671 785 343 
1447 529 88 474 474 529 
1241 1241 474 474 3687 
1528 161 814 1299 3340 3816 9367 
4242 215 232 4011 1598 
979 382 1893 1857 870 353 4087 382 382 382 1920 1944 406 
788 3479 7891 1652 7 346 7 1225 351 
268 382 311 
474 1002 1293 412 474 474 
785 6997 3907 
491 932 86 5657 247 
491 2622 792 1241 
3603 2298 71 5153 1764 617 140 236 826 921 236 6760 
822 5176 894 3821 3671 8199 752 3853 2245 1721 1281 1470 1181 1602 1135 2245 5081 1665 939 2313 219 2279 
722 406 1089 
6781 794 71 3334 10 3334 
3832 
2148 345 323 716 716 1004 
2475 981 
3829 2475 2475 981 
215 3366 3489 1652 4741 3479 3564 4741 4741 
894 2048 1099 5280 2268 186 559 3048 343 87 344 
186 936 986 986 611 1184 4383 9509 484 2004 5900 963 725 4732 34 34 2202 7144 986 
1410 
785 785 1002 1963 
962 4801 1857 870 353 4087 382 382 382 1920 1944 406 
412 412 474 2386 2264 2264 474 474 399 447 3480 
978 412 412 474 978 1279 
345 412 547 
1046 1269 180 381 4653 301 301 166 716 301 716 301 479 
311 311 3565 1293 412 
3334 3334 
3631 293 784 1004 784 4243 784 4182 784 293 247 833 
2108 2108 
345 281 1314 1314 9551 412 
1620 5466 4641 5466 
1351 
1407 8472 1303 9156 1053 4699 2363 4589 940 583 7783 4593 
875 51 51 786 293 1572 3548 3548 5625 51 343 
8617 1327 91 
344 344 6442 63 344 344 344 3027 344 
1294 932 3464 1294 445 412 
3767 6169 298 2590 2132 3285 342 467 10 126 988 
446 
2092 1906 2332 1935 1984 79 2133 709 102 4446 273 466 4446 879 
785 3539 
475 1585 241 
943 3999 1465 1092 792 932 3450 3054 757 
159 3832 304 543 161 182 161 
554 202 242 202 1827 199 590 1901 344 5761 576 1807 1230 643 202 1827 199 590 1901 741 6224 
8430 3795 3795 4630 1061 521 
285 180 180 7332 988 390 573 
1293 474 
3572 1187 920 565 1184 816 8910 1279 1465 512 534 921 311 
86 4059 86 178 3152 178 663 5013 663 1024 2671 319 2011 2988 934 1465 988 970 988 28 3284 
2580 358 7771 580 5456 722 5396 2546 5123 
298 94 87 543 298 247 
745 543 298 247 
1266 1832 2457 1571 1571 1279 612 
756 86 2018 3880 655 
2671 2689 11791 1528 
398 
934 785 399 
994 4456 1483 9701 28 4987 
344 343 2061 1656 247 
319 319 319 319 1731 9715 599 1731 9715 1535 1437 319 1437 
399 1713 2290 409 1722 6584 94 311 311 833 1722 
1843 2478 
963 
741 1462 5949 1462 3402 984 3846 253 166 
3027 1923 4146 
186 186 351 3655 358 186 
446 
86 398 
399 
840 7550 1311 467 
186 186 186 2518 281 84 186 186 378 84 3331 2401 1302 1266 390 390 281 186 
9789 4954 4741 735 934 138 484 
1648 1099 2352 
3981 9798 743 994 4456 234 234 947 
1713 399 2437 2724 307 1361 304 3773 406 
3207 232 4758 2981 
232 319 785 84 297 86 1845 
86 622 382 505 1652 1 2830 86 
1091 307 102 338 338 9 2789 1599 580 208 580 327 
3037 3649 963 963 71 963 1337 897 
4534 1534 1099 1184 490 1963 84 138 253 253 2524 784 
3871 4242 614 374 3284 
4242 3539 314 
3027 215 963 123 2113 95 9874 2478 51 215 186 
1241 1241 5339 
543 1330 474 990 2657 4389 784 1979 260 784 2114 51 
288 802 2275 635 1055 6670 1241 
622 2010 2010 958 2010 319 3129 9919 215 344 3129 988 
2050 7318 1767 9931 102 2558 
474 5009 1721 865 1293 3635 2109 865 71 5009 865 865 685 5009 
1291 87 458 292 87 292 
96 3898 
1803 3085 9938 1283 
934 534 9944 3042 784 4212 5572 816 
215 3027 292 323 292 
543 4299 
543 84 1208 794 1924 345 
756 7892 1165 663 529 996 3645 3622 127 184 6344 1234 4029 2478 2478 
214 9952 412 368 952 3795 1863 
474 474 475 4404 
474 474 1002 1293 1002 1293 785 474 474 4404 
1293 474 474 1713 474 474 474 4404 
409 344 1007 1007 7043 6101 
298 543 218 594 
555 725 2416 149 52 414 410 118 1551 1511 
4712 2129 9606 2132 303 181 857 
344 1043 312 1920 3157 344 516 5156 2269 43 2269 1342 
369 9968 2917 
86 991 57 241 
932 794 894 3821 5045 343 663 794 
1163 2622 3572 3697 2492 4630 1855 
293 1571 2475 9985 7454 693 7454 663 
726 377 655 351 5531 10 1017 38 35 1333 655 351 5531 936 
979 1577 5337 1153 1737 1617 1737 4982 241 
215 550 550 3908 281 2344 794 2731 
853 550 3908 281 2344 794 2731 
3506 2004 1557 84 840 840 
3832 6604 551 542 206 1722 1948 
290 3370 344 1665 10023 215 
1403 2819 4499 10 1294 
934 1457 446 2478 446 936 87 343 3094 2680 319 
479 344 344 344 1146 722 344 1146 102 1146 2510 1409 102 1610 3501 1785 1146 344 
344 344 1146 722 344 1146 102 1146 2510 1409 102 1610 3501 1785 1146 344 
412 3293 2813 
2004 6325 843 6325 843 
979 979 6325 843 6325 843 
2874 3776 3832 417 
86 2018 663 663 358 5156 785 
785 1657 975 3343 
382 6753 1379 
1192 1471 381 512 565 5318 1024 1613 562 6219 
135 4125 822 1483 745 737 958 135 298 2354 2011 951 1805 833 215 
6058 753 4688 
474 6058 753 4688 
3655 833 51 343 7956 1234 87 
833 51 343 7956 1234 87 
2108 189 10066 4794 
752 2945 622 
186 344 350 161 161 10071 4114 7615 947 
343 218 344 2066 73 4249 10 73 2066 102 1108 51 
3458 314 544 544 3324 
33 
86 3833 2244 215 975 842 1918 842 7324 
298 2244 215 975 842 1918 842 7324 
186 5 919 936 297 2734 247 428 3253 1175 5922 6180 6119 381 312 6119 590 214 207 1189 1296 4813 
290 140 8388 180 2088 10123 
3829 491 3829 3829 3829 3829 2915 
215 297 1648 527 86 1100 10124 2562 10125 7 
215 641 5045 7781 395 3943 7860 
86 1645 105 3961 475 346 186 86 775 417 345 
398 484 3526 792 6781 
484 3802 
117 9 565 705 3967 8161 6463 705 
2438 7218 2444 5229 377 1517 2096 625 2019 5645 
474 
474 2726 474 474 
995 704 479 681 6 705 707 4198 708 709 1272 1854 1163 
28 611 2592 611 1665 611 484 
447 5681 
785 543 447 2951 297 
977 281 3704 
814 2017 2017 2017 
4633 2524 1354 2846 611 
474 474 1002 785 995 995 1349 802 785 1392 1006 24 347 206 2384 
1293 412 398 995 995 1349 802 785 1392 1006 24 347 206 2384 
1845 323 86 
5613 298 2273 127 50 2411 87 50 
871 
934 1844 1192 1296 2093 5387 693 5516 
934 
941 304 1403 3972 920 
298 1118 833 2933 5892 5892 996 1392 358 3069 298 3980 390 358 358 
10287 1263 3610 4297 198 318 6460 3610 
382 812 503 3599 907 30 6460 3137 30 2082 743 3795 4123 88 30 735 2949 527 3473 88 
1266 297 297 412 
474 318 3532 273 2066 2066 620 3770 227 
894 1192 620 894 
2036 620 894 2036 864 1192 
84 1209 1396 2119 127 1432 390 403 326 491 1076 
3213 943 522 1660 312 
345 2004 1337 297 1337 406 237 1024 
4462 9963 6350 8868 727 27 925 5289 8458 1982 5289 5790 512 10311 378 3911 
2004 1337 297 1337 406 237 1024 
215 4212 547 4876 
995 1803 56 237 105 6287 
399 474 4306 529 1153 3346 1712 
1001 2503 1238 10317 164 394 5007 123 55 1578 1578 
4525 298 925 4525 5669 1311 10320 87 2088 1003 869 2088 2988 
86 1360 522 1403 663 4430 4430 9315 1796 7742 295 34 219 273 
543 1641 1165 9208 51 141 560 2602 186 
951 344 180 75 
1293 1713 1293 1002 6946 3224 281 475 1444 360 4087 7417 
3832 246 861 83 7492 159 27 74 7213 
159 2163 521 3776 215 934 934 650 
10368 2176 
412 459 358 86 2778 1241 716 
412 412 
891 891 3794 166 4237 891 951 544 
1024 794 1089 
3311 3311 446 3160 3655 
926 404 30 4521 
10390 2 4293 412 1118 1182 10391 774 10392 
4101 1716 9 4911 
800 
293 784 4808 2004 87 292 4808 
369 1981 399 
412 1845 3844 369 232 319 
3286 3286 241 7110 412 412 1293 474 474 2290 1604 792 1883 87 539 293 539 
159 792 3286 3286 241 7110 412 412 1293 412 2290 1604 792 1883 87 539 293 539 
785 412 358 2290 2290 86 775 4205 6019 3331 446 1660 
344 9046 2465 5817 122 5105 1102 71 4208 1191 205 41 311 2764 6091 5817 71 6091 799 41 925 71 9046 
346 285 1988 
86 2454 816 170 696 10417 
785 5339 543 543 3138 345 3138 3419 292 8389 166 3138 2029 
4319 690 7770 3591 3243 1990 2624 925 
620 84 617 
3867 876 484 118 
343 833 312 281 984 374 833 1660 2661 1704 417 
182 10 6215 8458 4612 6428 304 2518 298 735 406 832 10432 215 127 8734 102 230 215 9475 315 
4324 10447 4646 932 1392 1474 816 842 842 
3366 1645 970 353 1678 
312 942 474 358 446 534 326 
2314 
2810 832 2418 832 832 312 598 
2475 5964 1240 10342 1024 833 2518 410 1240 
7916 2475 5964 1240 10342 1024 833 2518 410 1240 
298 344 
86 86 932 1716 358 86 2004 86 
312 312 2568 757 2349 
1734 344 10489 4687 2238 285 1256 1165 29 963 891 297 963 105 891 539 
765 
543 781 7474 
30 354 30 10140 30 716 705 30 716 704 479 681 705 
369 369 
474 474 1002 1002 475 4145 1423 532 671 
894 1556 5054 
2704 3044 1436 2704 2704 3044 2704 7584 3044 1436 239 2451 
1075 8666 928 87 1910 505 8666 8818 7691 
412 785 412 202 8664 
10512 4977 8370 8741 665 319 319 476 562 102 234 178 1397 4482 10512 4977 8370 8741 665 4633 2704 
785 6159 2029 3667 785 785 785 1978 3526 1446 
346 
3833 121 293 3027 292 121 121 792 121 273 273 292 121 
1713 663 1595 2366 1396 219 5897 4548 7384 1595 4138 3288 6278 2135 63 63 816 3284 816 63 6067 1545 
1595 219 7 219 87 
4690 3224 5219 4690 5357 693 775 5454 5219 6323 
86 428 8704 127 428 4889 934 446 127 963 7993 934 86 6701 9298 34 
543 380 864 573 3575 
785 447 785 785 785 802 
785 785 273 4743 3367 7040 671 1403 403 84 785 406 2229 
1208 1208 2805 237 9479 3502 745 345 71 
611 833 181 10552 2933 8476 10553 10554 705 6656 650 4132 5478 102 63 814 3842 8476 1174 611 833 
369 2722 831 
3727 1241 3961 3312 1857 342 
10 358 
1713 5156 293 3843 1266 501 1678 215 34 1469 487 34 295 1665 
2036 
6772 1260 2872 
298 1354 534 573 
3636 897 
1192 1342 819 819 8539 3897 
1843 4087 514 573 987 4087 7417 2119 2229 4455 8583 581 4087 3697 1241 979 
939 87 
970 2235 3284 135 840 7815 3896 970 2235 3284 135 840 7815 3896 
475 
1459 2872 4052 
186 475 
474 474 1293 1293 1293 1293 319 2093 2093 
811 3074 219 1279 
811 3074 1279 
874 3603 2355 
491 4999 311 311 2776 459 218 87 6663 5092 
5462 7210 7210 7728 1420 
50 2004 2004 298 
10643 4794 10644 4242 1385 6240 4698 9590 87 458 292 87 292 
475 671 
7835 4684 1511 2114 3268 1000 3519 3940 4352 
6303 6303 86 6671 1234 9034 6303 3963 907 6219 6303 6303 86 10653 129 
345 3224 2219 3280 934 
816 344 428 986 816 3266 986 
1192 86 3284 
1119 5223 10665 57 
987 86 404 89 10668 3279 198 33 
127 4618 865 803 1164 803 1793 1057 865 5205 511 1219 865 2612 833 404 865 1607 1568 1184 382 19 
1072 1099 505 6609 2507 4690 3224 5648 
436 399 1293 50 3225 2582 1718 
1713 412 399 447 2518 869 3996 1665 2591 399 412 412 326 
2290 399 399 
956 398 10696 1049 4356 4356 323 10696 2093 8598 2229 7731 10696 3479 215 381 1246 534 3252 4300 3844 2093 2782 2113 7731 
215 86 4356 4356 323 10696 2093 8598 2229 7731 10696 3479 215 381 1246 534 3252 4300 3844 2093 2782 2113 7731 
942 4356 4356 323 10696 2093 8598 2229 7731 10696 3479 215 381 1246 534 3252 4300 3844 2093 2782 2113 7731 
398 10696 1049 4356 4356 323 10696 2093 8598 2229 7731 10696 3479 215 381 1246 534 3252 4300 3844 2093 2782 2113 7731 
934 6055 3897 800 2093 
758 1413 28 921 663 934 534 986 816 3266 986 
2475 2475 2475 2475 2475 2475 2507 833 
5387 1924 4621 3189 
375 2019 1785 2401 1369 329 802 565 802 8293 6319 1652 417 417 417 3523 
2058 2401 1369 329 8293 417 417 3523 320 
620 2093 816 620 304 343 800 2093 2093 34 
543 2137 9429 458 358 458 
1557 1557 5551 800 2478 2478 524 524 4802 5353 986 9600 2123 1388 765 273 9600 
3256 995 4891 4891 84 4891 714 6451 9252 4891 2022 
262 727 727 503 2149 2149 5819 
86 
157 3340 184 343 343 3980 786 1870 215 86 343 343 833 344 
86 544 7109 
671 2256 1051 273 273 1051 273 273 
1419 30 10362 436 833 6987 1311 6186 833 
1002 1419 1293 412 1002 474 474 436 833 6987 1311 6186 833 
794 939 5293 191 1835 1835 794 935 
53 2396 5376 3209 259 
2736 523 159 388 87 202 523 229 963 388 526 
1440 524 294 293 294 
1440 86 2327 86 3027 3399 3266 2313 123 2878 1339 2478 
10141 805 2090 10758 1052 127 7771 1193 10758 2736 1107 2634 431 467 250 846 898 9299 1230 
86 318 314 7610 2372 862 387 318 314 7610 2372 862 387 
979 3331 979 
3315 1486 3361 5020 118 3315 491 2668 2010 
1293 1293 1293 474 474 281 3540 3331 2230 3331 3331 
2182 3844 87 296 6760 247 492 
8364 307 3869 293 379 404 404 3506 7 174 369 
2478 945 307 3869 293 379 404 404 3506 7 174 369 
412 2401 3645 3915 307 3869 293 379 404 404 3506 7 174 369 
543 5955 5199 1330 8332 1330 3272 1189 89 142 936 2614 
2290 395 
1280 1280 1280 1280 1280 5866 3027 
1280 1280 1280 1280 5866 3027 
186 87 3657 981 8430 456 502 9 833 1837 2782 
3311 186 475 986 3832 986 
6485 3599 475 5827 2466 2167 1595 835 8721 4209 2558 2379 96 
6702 406 
4680 
319 1871 161 321 
186 117 1500 1870 4593 2089 123 344 4455 343 5565 5565 5386 262 34 1872 344 1872 123 2349 
312 4820 3621 89 3621 522 343 
86 3771 406 
297 2454 5470 617 370 3290 10 3617 2333 3617 3617 246 1572 
940 53 270 281 1241 705 281 
696 
705 1990 326 
86 3038 3038 3776 10 802 3919 86 33 936 3796 
663 298 879 3330 3330 1324 3330 3015 1342 
319 5652 332 9389 197 486 562 7763 816 2006 3138 4254 319 7418 379 5607 1260 
86 1666 543 3458 7308 725 978 3867 981 981 
5968 4080 1092 3811 
5339 3041 962 86 1324 4054 84 
273 1241 
757 181 3478 544 171 
323 3350 323 215 833 323 1673 738 247 
30 440 6000 2219 3588 30 2219 1099 1839 102 1700 1613 3981 3857 4295 
3996 5528 11231 142 784 404 738 862 3588 968 
6673 1311 3899 182 1099 
2229 215 6827 215 2327 215 215 215 215 
55 55 2475 785 
792 3130 5444 559 4560 3963 1423 161 987 925 
3620 165 3334 819 539 3334 1192 7298 3580 
932 474 474 7711 
1857 554 1845 9058 622 159 745 1952 2653 1595 202 1363 81 
554 1845 9058 622 159 745 1952 2653 1595 202 1363 81 
641 3790 403 739 4457 343 725 2322 
1845 775 3224 
297 1887 1642 186 1845 1845 1192 1390 1540 775 775 3224 
932 360 86 298 360 932 962 7877 8049 932 4087 360 1900 7885 531 7878 
260 1101 
7690 7690 7690 
474 474 1099 3300 1002 1002 1713 4283 
2475 290 314 4487 
4582 374 186 3083 1243 10 738 284 
934 3907 
50 1163 4532 3284 1163 
474 474 216 269 360 216 3160 
785 1712 4601 7633 547 86 346 10167 86 6461 4168 2279 
894 3821 894 412 800 159 180 3833 343 758 5579 358 785 
932 5592 785 1293 1293 1293 474 358 399 5592 
775 3682 140 1370 3972 11581 86 28 253 
9415 319 6156 141 962 3773 
1533 559 1102 790 3755 114 389 2846 775 2627 1529 3899 19 
399 1002 1002 833 3392 
86 467 
2129 926 277 926 936 293 
343 251 446 420 2380 111 4129 765 87 2380 420 1858 102 7028 251 5129 499 87 416 2371 344 
412 86 487 6894 404 304 
412 412 1293 474 474 1293 412 399 1293 1293 
2384 2384 2384 2384 2384 2384 2384 2384 
2936 312 4616 370 650 1342 
30 30 1554 1692 
1571 645 611 5917 63 2083 4979 1871 3549 1571 10694 2083 4979 864 2148 118 562 
1871 3266 3549 5781 1871 1871 3867 826 1871 2238 2010 3105 3415 1871 8499 11587 5368 645 63 
511 4954 2178 2411 377 292 30 2178 511 511 5180 377 716 4284 
298 
484 5010 
412 1713 474 474 446 3981 2653 
186 1795 932 3802 
2698 412 412 412 2698 474 1713 474 474 447 1266 
1900 412 412 1293 1293 
412 412 
994 994 2932 174 1147 2411 30 351 3457 292 174 1147 406 11607 
4712 10 9476 4934 800 10 5168 7541 389 1808 3138 1028 5257 
784 4110 940 2004 758 1279 5511 
8972 10305 9190 559 11614 2991 4974 50 50 8972 50 4474 50 50 1269 
446 1731 
3800 6132 759 3800 
2187 297 1099 
2187 3458 7046 8117 
753 505 2187 2187 1578 180 1229 9485 
2187 312 344 3061 34 
412 1091 4228 381 1437 307 
1091 412 412 1091 
2024 1349 1819 536 8919 174 1956 442 2498 
4172 3492 934 934 374 379 273 934 934 4172 3492 934 934 374 379 273 934 934 
1850 3476 1099 182 1147 573 862 1147 140 1147 140 
2010 3461 1324 709 3461 1193 385 1193 2886 180 20 215 1519 5018 7657 77 
382 3183 2834 10275 5828 2010 77 2010 3811 2834 5724 5724 544 382 3183 
474 474 399 399 474 3610 1243 358 785 358 7172 7172 1076 
10093 404 
1293 5956 615 674 822 3042 
2024 19 
7667 3641 491 141 565 4457 
934 34 3293 934 1302 467 390 
111 109 105 814 2185 334 111 118 118 111 109 259 30 382 812 0 812 30 139 937 814 123 937 30 814 
5775 624 4539 445 199 5775 136 3711 
200 389 219 1208 200 200 389 102 389 200 389 738 247 200 853 2518 
2517 219 6795 382 1803 273 11648 11648 
1423 475 
86 312 412 3363 2541 3656 3656 800 273 
412 978 2410 2734 
3384 945 4168 232 9970 1657 816 3599 3621 4242 
1293 4140 
3284 358 358 4114 410 311 8138 3284 2187 232 3284 528 
329 550 3979 103 2657 1975 4220 511 1334 9 9 1405 3837 323 1107 105 448 
979 1844 524 4158 
5556 981 3254 3254 57 214 
7916 
3871 345 88 1219 3641 744 231 1091 977 744 3417 753 3279 
765 
1734 344 1645 64 899 728 87 
1657 4082 319 4082 295 
833 3920 3968 833 4164 3506 6087 
1559 934 184 3039 6533 446 3655 3655 
1392 390 4153 2819 186 4159 476 
785 3458 2466 
2 319 320 5234 3492 343 814 4432 1299 1559 297 2229 765 
312 206 
1267 4 1170 1267 741 3085 55 406 
7011 3803 276 3225 10061 1657 925 6451 1712 925 206 57 996 
63 3329 311 311 105 257 
2915 534 1260 
475 2264 
11123 1246 6527 2116 833 
8972 5596 9543 4782 947 1181 10899 11077 9662 8568 7113 
89 3116 5293 7889 794 1157 
89 3116 4368 
3116 74 89 4231 833 1571 788 3254 788 423 788 5683 2030 
11397 622 1571 816 4443 
1419 2635 87 1400 475 3540 9069 10239 777 2024 
412 1163 7800 
186 2478 2208 968 86 446 693 932 215 785 86 
6559 11725 1980 180 180 879 3570 
247 11726 5070 606 301 301 606 301 606 606 
10 374 10 907 87 1624 171 6431 682 
412 10859 4446 
987 962 3565 9429 3074 
6203 1302 63 3482 994 7419 1869 
1984 351 617 215 71 3814 4114 7906 2204 10256 2446 3255 2149 
1293 412 399 399 474 446 
4979 237 8636 797 3306 
1002 474 1241 474 1293 1349 399 
474 
399 12566 2115 
3063 4403 191 2354 84 3063 669 3225 988 1643 273 523 3496 87 742 348 
4028 4028 1419 
1721 3899 
1824 6714 5711 143 3697 5201 12 1429 344 344 3723 1803 11765 2 268 467 344 268 
86 202 311 293 551 345 293 1396 2366 55 853 869 200 4781 
2475 2004 956 
6832 7210 6968 7668 4391 5238 7229 2374 2552 11769 5232 6834 11289 7044 11770 
867 
343 344 521 2911 863 782 10222 3565 2911 863 521 782 10222 140 7324 
714 243 4087 4920 298 8307 
758 1005 1005 293 6393 314 3320 417 314 6393 6393 
1004 292 1246 134 
2657 412 412 1293 1293 412 
3391 2050 3083 9000 785 3517 2779 475 475 897 897 8739 10 
928 89 142 753 86 84 346 343 753 1749 
404 8249 34 34 34 2432 4385 86 725 
4474 943 8951 3645 215 3564 800 4741 2194 2088 2190 87 277 929 2908 
293 297 1462 75 705 
1465 7182 1329 785 
7182 1329 785 
986 94 8480 1219 3591 745 3074 242 1871 
934 2150 1503 351 6019 617 746 1170 942 1107 1572 565 374 2322 2167 988 971 412 
247 1342 
412 412 474 
412 412 3540 84 
833 344 186 532 871 969 969 2198 
4152 1493 1750 2727 1540 1540 1761 186 2 2 9008 757 
1002 2401 1293 1293 474 474 1293 399 298 186 4389 4595 988 4595 988 
398 3331 86 232 326 1363 360 
1072 1910 4279 323 
10404 3566 79 1408 11285 556 165 725 2092 725 1493 2040 5421 2102 
3805 1845 
86 159 1108 63 1980 840 674 
2858 797 550 7020 281 1508 
977 3085 4299 218 
360 1459 4172 
10197 2925 1396 2224 6062 3816 259 311 1338 5351 573 311 1396 2590 
833 1099 505 833 746 
2093 142 293 935 2093 3773 
343 165 2478 86 2093 446 312 2478 292 
785 
237 4151 3 2958 239 
1407 3131 774 3131 81 5228 461 1239 2810 197 2389 49 102 690 7175 269 981 
3271 3271 2622 
343 111 87 1529 
3027 3027 4258 123 3340 8200 111 111 864 343 
111 111 111 4342 1035 5 5 5 1035 94 5 
2614 547 4876 
539 3776 3284 939 3326 
1845 268 268 346 3530 826 11841 
958 3530 2819 121 
8186 1293 474 474 121 2819 758 
2537 2475 4441 6224 305 1509 721 2439 881 680 1149 159 2016 171 1226 171 
10250 
215 1920 307 611 
237 2313 1147 467 1559 353 156 18 156 156 156 
474 474 604 1517 3138 1293 1419 94 833 7681 1403 2653 368 3981 1924 4462 237 
3365 785 195 
750 19 2314 2108 2113 268 1990 2991 
417 3570 1315 292 3645 11859 3645 1137 234 784 2004 2917 3570 
298 4106 3075 105 319 345 4309 
3835 3645 508 508 1260 
981 2726 981 2726 236 981 4711 4487 1292 964 2726 
995 932 312 182 893 353 4087 382 382 382 1920 1944 406 
406 1390 7419 1869 
399 
412 461 474 4144 794 81 1444 
3116 580 474 
1713 129 1002 7265 722 2440 129 2518 
358 5587 722 2440 129 2518 722 2440 129 2518 
294 215 311 833 417 294 294 3816 939 
304 
5622 3811 802 3298 1980 6541 6541 663 3750 663 534 285 
474 1192 2155 3705 
833 75 1319 10241 1370 1657 8162 622 735 329 925 1049 3225 2525 751 251 8254 2113 87 292 
345 86 833 833 34 4308 297 297 297 843 4639 456 295 269 784 4688 784 
10 1335 88 1601 10 722 10 10 164 2097 650 293 2154 182 10 1335 
41 1051 1990 657 1682 7916 4165 360 3566 3781 4365 
3725 819 1354 
11555 11555 11555 11555 218 218 
345 131 314 10241 669 2478 833 784 2113 735 345 312 4542 
91 1845 34 3007 3255 775 458 86 273 2452 186 2478 4849 1135 6773 358 8772 10514 4633 3591 292 3037 
3727 3148 543 475 315 4176 174 4398 174 867 1342 
10 5650 
3520 63 1752 49 7928 4977 
4242 4395 237 
5321 277 1440 7259 2677 5321 1750 5321 1473 3378 105 3408 3059 5321 5462 2591 3104 7727 
6119 2454 399 1241 3402 8100 
1327 1163 4741 399 1163 990 4182 3802 622 
358 1608 5530 417 1608 358 
412 182 404 4878 662 118 284 
474 505 534 
326 3190 3057 1788 
4087 3399 475 800 475 3399 5358 2022 297 297 297 297 840 474 474 
4087 475 4290 7654 7654 1871 3355 369 134 1096 5681 5682 2132 792 
1457 959 1646 573 
442 3369 11914 219 3537 833 1646 4646 4796 297 807 
10632 558 319 894 3821 241 2022 297 297 297 297 840 474 474 
558 319 894 3821 241 2022 297 297 297 297 840 474 474 
894 3821 446 1260 402 988 
2230 2230 
840 3944 5592 
297 318 326 8005 933 6323 
6058 2629 1226 390 4836 
753 962 840 86 1600 962 840 622 3506 358 3941 1099 840 
84 955 
758 55 853 84 144 3686 358 
219 277 1342 7070 4633 
1028 
5816 182 4087 400 1419 4722 2824 
281 622 800 3324 131 374 132 188 188 242 377 
4512 960 4292 6421 2529 7864 4153 2357 9409 7859 11426 9001 5347 2090 488 1184 6384 181 4 617 1696 1077 165 2525 1453 2897 
475 2736 693 475 522 19 475 475 381 512 565 475 2736 693 475 522 19 475 475 381 512 565 
399 3800 2290 2229 
786 6671 215 206 1227 470 3226 215 218 
343 1375 786 3686 3739 2118 
5270 5270 5270 6274 1053 1985 2537 
663 1241 403 1241 1293 1241 
2 8408 475 3534 1274 345 399 2 8408 8408 1538 181 8408 3334 1337 2 2 8408 108 
2 63 
3965 2438 645 344 297 436 774 285 1099 774 1030 4484 1459 4019 2875 4484 5107 196 165 1282 410 6788 1282 2381 1302 5112 2453 768 
1226 1721 399 447 1241 4597 2031 1226 1421 1293 1241 
195 1501 1293 1002 195 86 
1711 190 1554 190 11081 476 1721 
2555 976 1292 1058 4808 11175 129 1219 34 1102 5215 1982 129 129 
612 1721 1293 5516 785 399 399 412 794 
800 1914 2784 304 8117 939 215 34 10 8117 2519 8085 4 650 3973 1217 
758 738 139 1651 943 758 3862 186 
5804 3800 
1101 474 869 
945 412 5804 3800 
6840 6840 6840 159 6840 
3940 3811 314 562 3655 186 295 1761 2209 186 978 559 382 234 2648 174 746 86 3940 
260 8895 537 2134 1311 
3302 4937 2557 862 
3810 404 4262 2322 9596 
343 343 326 343 293 4198 867 343 7474 947 2311 2237 3697 743 2657 812 63 3453 9838 
259 3226 318 622 802 746 228 
800 467 911 509 963 
474 3800 963 6058 1293 412 1355 
963 
963 504 
399 971 785 3877 412 5714 383 3626 11886 3524 5006 4247 785 83 
651 284 999 101 334 123 293 264 
86 543 785 
794 2022 297 297 297 297 840 474 474 
1311 956 161 188 3112 3233 920 127 374 3802 617 188 
5634 794 2022 297 297 297 297 840 474 474 
785 785 3502 246 3259 326 2047 936 3479 
163 1306 921 57 380 163 2374 182 71 793 7469 2137 
976 622 743 260 
3649 
86 619 404 86 322 311 378 1354 879 84 84 84 86 11 2036 4823 2981 
2517 87 1956 1770 3224 215 8484 7993 312 1762 293 86 292 
2475 
5028 2438 939 1750 215 123 2438 2371 
1713 4248 4248 
298 382 182 5796 
915 4654 671 8570 915 4654 671 
4999 436 1108 2452 
4588 6662 5902 2819 885 10 8795 1121 873 19 19 2764 5180 802 9 215 123 309 10607 8795 
979 611 611 1832 4465 4134 3042 86 3007 2016 611 611 
4242 979 8121 11964 
1893 995 1713 
1520 984 89 4741 131 237 166 4741 412 4741 
474 1520 456 53 
753 1520 2831 7839 1857 4464 958 7839 
8901 11121 7824 562 6385 519 319 28 358 358 3196 
5892 4019 320 4643 
800 467 2597 803 1243 215 5802 97 1134 151 7322 3375 2864 205 36 33 4315 1500 215 
474 314 319 3203 165 360 27 
215 1148 814 4447 743 11971 4301 6274 0 137 707 2563 
417 182 298 523 412 11973 86 182 
214 6278 1693 174 947 417 1693 395 6493 
853 2518 853 343 218 558 
3645 2364 2004 
543 3163 4299 37 794 1142 
4308 946 4971 
867 2224 2795 10052 1459 943 102 
1192 965 1192 
3366 1088 6776 374 1888 
475 281 2051 5357 89 1923 
2114 271 2864 410 2864 1043 614 2864 
2114 1293 962 27 962 346 4793 
3796 2318 573 867 178 775 554 7917 3811 534 
3074 3074 650 
277 5653 253 292 2591 2113 293 2758 8730 3224 
4338 1906 
86 8846 306 867 3750 3620 165 3334 819 539 3334 1192 7298 3580 
30 4403 292 160 3243 547 
934 348 9838 11993 11994 4606 3479 247 87 
4113 11993 1195 4113 11993 1195 752 
869 
7889 329 329 5032 8104 2381 2381 2018 
312 7889 3896 5977 
1044 7889 343 87 344 
1099 
735 816 735 816 6240 5135 378 2 
2290 399 368 
298 785 
10805 696 3802 241 241 
1299 34 
819 543 1444 
800 3349 1274 358 2185 4196 292 293 292 
511 963 30 511 377 334 88 105 4237 1148 334 377 377 377 3493 5283 377 377 
5622 9995 991 5933 4761 1348 358 281 1540 3164 364 3057 386 202 4268 1011 761 4633 1028 2182 10551 9889 232 
369 3007 446 4199 3225 2364 4093 3280 3331 
3027 800 3094 8328 6862 86 4244 1081 1656 2717 343 
534 9039 5564 3215 11114 12005 11114 3741 
3575 174 11066 3393 4889 2454 86 86 975 
206 5030 319 320 320 1951 1088 9 1354 7599 15 
50 50 5157 84 4793 50 1279 50 1641 
1279 1912 125 657 307 10 4564 1337 7443 1984 
3588 1871 1871 
319 3588 4630 505 
3588 4957 3588 1219 1905 3559 
1674 1293 474 474 1713 581 527 581 
86 
474 1713 2050 9219 5353 2004 4632 
1299 1311 215 2437 215 2437 378 215 2437 4416 2598 2598 2002 4052 4132 3288 127 1363 544 
1293 3037 1290 4690 1924 
467 3981 33 1279 885 782 
3970 3970 6977 6871 6816 2677 29 
298 297 234 1984 3280 298 842 1290 307 19 87 936 790 476 
785 7655 
785 785 785 785 785 986 
12035 10801 5714 11471 7620 165 9791 
867 281 406 1925 
3938 491 30 298 404 1592 172 1256 353 950 404 2185 3832 1965 380 
785 568 88 1767 34 343 6651 87 345 117 10 
1024 10422 152 344 833 30 10 2380 343 338 344 343 30 
3334 84 833 6365 351 622 752 4244 
27 186 86 1099 564 281 5470 2088 27 792 
746 86 1099 564 281 5470 2088 27 792 
6385 2864 4876 180 
1240 861 800 86 241 
1192 345 3526 
934 1260 1260 934 281 127 281 127 1296 127 1296 
6629 1882 4 467 2452 
60 627 544 30 6529 30 105 1058 5667 1256 2411 102 30 877 1083 4220 2152 30 
417 33 867 1645 696 3565 3334 696 322 214 
3540 505 
785 788 911 5804 37 3540 3334 
2380 345 1843 37 843 2380 
10 
4087 3776 
186 611 346 3152 86 476 534 7917 611 561 417 1072 186 611 323 611 
512 1130 1338 3075 346 3279 705 921 2778 1296 894 3355 6141 6148 
4915 4794 3821 4834 1467 343 293 2478 1997 2178 
4794 3821 4834 1467 343 293 2478 1997 2178 
293 293 2675 343 2059 2059 87 3318 293 475 87 404 
3832 974 974 8137 4306 1645 
94 1293 1713 1248 1818 475 3160 2515 71 
216 11144 1432 399 
343 921 343 343 1526 3479 
833 8173 1674 416 416 346 476 
86 833 1024 303 241 803 27 241 241 690 381 307 853 4157 843 4157 2365 3027 2330 4774 3795 833 
86 84 86 446 86 476 4954 
467 15 1956 467 215 118 298 215 
1070 2231 215 312 2819 186 1274 1192 1102 382 86 959 2887 934 2093 
4011 186 319 34 412 215 86 
89 358 979 3899 1363 787 4263 1363 1815 
543 
735 380 873 467 1184 
247 
9252 509 27 
474 474 
474 1713 1713 412 1099 1099 180 
1713 1713 412 1099 1099 180 
1293 399 
1002 1002 3302 1940 474 84 344 7443 87 10882 
1293 412 3540 
412 186 474 853 474 368 
979 3370 543 1099 
3034 1545 1571 1246 2393 5963 11652 343 218 7555 716 3404 
968 3841 4182 174 3558 5174 4182 8169 4182 837 
1192 534 943 27 311 193 311 6565 
412 358 4929 358 10 6323 1657 
323 784 784 87 346 1164 346 281 
3588 1108 
1331 421 2219 311 
596 596 306 3404 2386 986 816 3266 986 
785 3540 
474 1713 474 474 214 1293 1002 1293 399 3800 2290 2229 
926 
1500 7172 
925 787 5379 9646 
343 1339 382 317 4980 738 5607 12094 3506 527 3645 756 1244 
3824 474 345 1002 551 4541 1388 551 4541 1100 544 863 312 1419 
474 474 738 1193 281 2123 241 4538 4541 547 907 4541 907 547 907 4541 802 551 4541 
1215 5002 1266 1210 125 650 7318 650 164 
7469 6099 1061 8186 6099 
474 1340 794 1423 
932 
8963 4382 1602 467 2108 562 867 
1592 2952 2129 1844 86 3389 8949 2991 368 
461 1638 1750 
1293 412 4498 10234 2013 1819 
611 2454 6157 
3675 50 3609 1227 4487 505 794 272 4357 8700 522 4489 10243 1030 1192 4357 382 1972 705 8471 1314 705 319 
474 474 630 6058 474 1293 1293 1713 399 216 474 216 1657 474 1844 
186 94 972 10514 2008 705 2386 372 1881 
1713 475 
1241 3458 3267 4006 416 17 1731 11293 214 1241 
532 953 186 532 420 2821 215 953 1107 
833 9783 6148 833 4836 369 693 4650 1299 87 292 
4168 524 1656 3001 
800 1586 7599 134 522 105 1629 6119 1629 1075 937 11749 
3340 6586 7107 1107 247 965 174 1192 965 547 2642 1898 1227 1192 2642 
1293 1721 1721 399 1721 1293 399 1266 399 2623 391 581 
1512 2797 5293 
474 474 586 399 2032 963 399 1501 
1002 
1419 170 94 1311 797 2451 4929 874 
3027 2380 229 2380 159 8660 9887 8316 4011 2668 295 836 816 816 4286 4286 
86 3284 135 11941 4168 188 1533 1001 292 929 
343 390 3331 3666 9106 343 467 178 3887 4732 3822 
358 1005 
7968 7968 399 369 12133 12133 10 4441 4441 
86 3205 7322 
5676 12135 1645 1184 174 2178 484 3832 1157 
1024 406 2452 
543 474 474 6814 4087 102 
474 816 973 4362 
358 775 243 237 620 800 2847 6449 7153 269 
971 390 2170 381 1246 5016 12140 763 7428 199 1647 
1311 55 2457 50 1557 27 188 955 
1293 474 4829 382 281 399 
1893 1002 1701 3752 1843 
5293 475 412 412 474 412 1657 399 4472 4283 
412 
7685 2634 5915 295 2761 1459 819 372 6406 4709 4709 272 71 290 912 4709 611 
323 476 86 86 622 188 2026 1163 696 297 927 327 
932 932 932 10735 215 142 12147 4454 
369 9951 1105 6167 
161 514 2346 10832 7123 7123 3329 467 802 898 2448 523 123 2438 2346 7972 2448 218 1324 2448 
1002 231 3037 1290 2321 23 4937 12148 1708 144 298 
3284 599 428 243 311 4184 87 292 842 292 842 9 4940 
543 
3027 292 2478 247 833 87 293 4456 951 4456 87 738 293 1762 296 2478 3378 
1518 1727 5448 6218 999 3772 999 
1002 871 802 155 7241 
785 232 
86 474 1245 346 1571 7256 215 5406 3334 558 3334 
1457 4344 374 3311 323 2713 71 356 784 28 3793 12156 
641 6876 272 7501 306 3334 3334 131 2798 7172 746 3972 6325 7172 
50 669 1184 833 3294 2452 3132 1947 2795 180 1947 370 5191 11097 1769 1827 1339 1957 
3855 1721 3500 529 165 34 5234 987 1279 
1192 127 9 12167 117 4379 2743 5298 281 2291 
219 273 975 51 273 219 273 5560 963 1211 11 3489 539 215 292 1770 4378 174 2036 219 273 
2022 
399 3802 343 343 290 343 3802 343 1187 738 1907 5629 312 2878 446 
412 241 
2208 264 979 4650 934 
979 105 9031 
1824 118 1107 884 
5502 785 934 3808 323 87 323 2010 292 
785 1457 2229 
1293 474 2698 1293 399 1002 10853 4920 1682 
474 474 558 399 785 312 
2036 2036 7902 2036 4053 1192 404 1192 404 936 343 60 6985 27 9596 343 753 417 1266 343 
215 2371 939 5028 2438 939 1750 215 123 2438 2371 
3554 3790 597 467 3801 6415 738 329 1750 
239 951 374 3369 740 
4446 312 
822 323 131 
2664 7720 550 218 381 4389 1214 
3610 246 10056 2175 1193 311 2175 897 4383 4852 5444 7821 4899 2619 9286 1182 895 573 1336 3523 1870 87 
6056 564 2555 9481 5619 743 4127 3794 6056 564 2555 9481 5619 743 2642 253 4127 3794 
3458 1791 12529 1948 1791 562 611 
3899 94 1791 
219 11697 1172 387 514 410 523 2839 56 523 388 2950 526 479 9413 
412 1240 5323 975 343 1659 663 343 215 319 11891 1721 1240 412 2479 343 1798 545 3494 1486 2093 345 836 
1951 28 3417 87 3340 28 738 833 3340 323 3340 5220 111 293 293 3165 2478 3037 936 
995 932 312 182 893 353 4087 382 382 382 1920 1944 406 
1920 7418 4898 1698 7897 2320 1815 7933 318 2495 94 
484 7045 833 534 3502 7172 484 7045 4344 934 534 833 534 215 86 
543 543 491 467 3041 3042 
1002 474 159 1419 1293 788 1002 1002 117 
34 1824 921 2139 3173 1102 34 1130 6694 565 987 3255 3255 978 8901 323 
934 412 294 
833 295 580 4919 320 802 318 389 
6382 6197 123 5182 934 1083 326 481 123 1339 2795 
412 314 295 3759 314 2504 
945 346 3892 
1208 417 5502 862 2277 4589 5243 37 524 1652 7651 410 19 345 
785 297 399 474 474 1713 1293 474 295 
1339 10736 1311 663 8772 2182 
1363 159 314 1338 2590 
311 10182 1002 1293 412 5966 1293 412 995 10404 1189 
127 102 554 2 320 10004 554 3576 567 320 833 3922 833 597 709 1366 
298 188 241 521 406 
1390 84 738 671 3655 947 1308 3093 86 994 84 544 7122 2256 171 414 9324 1311 3697 
344 9857 7299 1348 960 63 4955 622 3636 2371 569 66 690 662 338 219 
663 609 9743 446 753 971 311 6204 1099 318 4114 123 
2311 876 911 2337 3067 137 1024 1542 594 876 2610 1697 1359 
895 345 663 895 161 123 895 7175 895 
219 1299 412 986 3711 986 816 814 1299 358 1299 412 446 
6224 833 3271 871 876 884 
314 769 314 410 
344 87 2087 1726 4487 87 1258 461 6729 4905 
1260 3563 532 898 652 215 123 833 3284 532 343 343 
273 3042 19 180 98 3167 3576 644 
1713 87 87 3355 785 84 232 5293 3355 
2451 87 87 87 8636 247 
84 3904 117 55 307 794 84 3904 117 55 307 794 
344 2371 303 467 565 2872 2010 344 344 1585 819 5743 10141 1769 292 7786 382 1468 463 4505 1184 251 3580 
6121 6465 5415 12299 6465 5415 
293 4292 293 3591 928 4006 50 4786 1918 1075 87 
673 446 174 564 467 2058 9479 292 971 1406 
794 753 398 1923 
1293 1293 474 962 1002 753 4669 412 102 2232 474 474 474 1002 447 1002 87 
821 609 4168 117 6840 1712 
5283 800 971 311 86 28 191 228 9088 4501 745 135 2018 3776 4270 
2991 1413 411 395 84 
1428 7552 553 346 7552 3355 3355 
2 3565 3800 3981 
7316 1099 1246 
1900 11601 1900 360 
214 297 399 3800 2290 2229 
620 794 1002 343 323 3027 292 784 2060 12320 1407 1028 
945 934 1583 5711 3165 131 783 
1091 933 84 4114 1024 1184 3589 1501 1208 
2047 13 
547 
285 2466 277 3645 
4992 285 2466 326 345 
186 86 86 
6191 314 
785 294 475 565 
11617 960 2137 1540 514 3049 3864 2364 11470 8920 7524 2029 9269 117 161 
1687 4134 2629 2736 86 3999 6985 
663 6865 934 1559 1598 1486 6132 5797 6700 234 879 6629 
12337 345 4889 3518 669 446 612 404 612 612 2022 612 268 612 612 3778 1363 612 612 
6994 3284 19 1712 311 127 417 
2018 3347 864 2132 826 358 1978 3650 802 6323 1337 9312 3867 
186 4328 1947 2932 6833 1239 984 476 293 293 247 1674 740 1951 345 293 1947 293 247 1263 4327 112 4327 293 6647 312 
979 707 2916 259 707 2916 105 
4535 4535 
7465 994 34 895 1260 
663 932 412 5 8627 1261 776 337 3143 182 3268 34 
1338 5804 
7590 7 1500 978 1473 11897 12347 369 1657 1657 4087 1833 343 3861 
671 671 102 
1293 3851 19 475 1002 312 2599 404 312 404 
1293 1293 412 1293 1293 474 474 1293 1293 474 474 
630 2123 4207 315 630 125 630 1675 372 372 
5212 616 3225 1229 4362 3577 
50 3802 
3649 651 88 690 298 461 2108 690 5686 752 3702 354 1616 
186 218 532 3040 532 165 6253 833 3563 1246 3773 934 3120 4977 64 5020 5049 5049 
833 5804 
1713 
171 6517 3675 6922 797 159 1005 6517 7712 3404 6922 946 807 
4598 399 714 474 474 5878 474 1265 1293 399 474 4283 1293 412 4596 
10853 5357 788 5357 614 2230 4999 
312 1147 2886 
474 1061 399 3379 474 474 399 412 1293 
86 474 474 4595 2698 2698 1293 1293 1293 1293 474 474 10 1293 1293 474 
344 654 569 84 1341 182 2644 1648 1517 617 1076 3226 8467 1299 370 1594 1341 
474 3902 1924 
10050 861 3074 752 4474 
2672 740 404 293 2181 215 
475 475 404 4429 475 565 3817 87 3346 543 87 
785 491 326 4673 4595 4335 812 182 215 
1543 3183 619 215 1721 
215 1452 4196 2163 127 127 
9329 931 3565 3572 318 476 2380 5599 3572 641 833 292 
34 2563 343 6424 6240 9613 5275 2634 343 382 295 3253 34 295 4857 611 
941 6894 12392 5805 5805 2475 2475 
3565 3565 3565 3565 876 6240 934 876 1010 4599 293 876 
4708 358 3570 794 3007 1697 3007 84 527 1697 
86 833 947 87 456 
947 4288 
663 215 377 833 30 963 247 
271 125 734 1871 2154 1186 1672 10 1959 2897 180 244 1916 1554 125 734 271 1256 
10 2185 30 87 565 334 2836 334 345 
345 131 237 6781 3610 1617 175 793 345 5339 1652 215 6815 71 314 87 346 292 3250 
432 4690 
1871 620 2256 
1845 
3311 27 794 2492 3006 
1836 
1099 3620 2029 1099 1845 
9241 
963 241 
3293 399 2230 12567 2831 
166 3503 
182 186 
2148 3796 390 3867 295 2115 
399 794 1293 412 1836 
127 8167 7 833 3897 986 
8457 
345 6839 4654 
3311 785 
86 9687 232 318 318 474 412 412 412 753 5827 
3005 3999 2229 
358 28 1871 9029 346 2047 
215 
4755 12568 3293 
3537 3537 6428 6428 6428 545 2264 1638 879 6428 
446 929 12417 802 2478 2066 2066 716 
